13.07	11.97
4.8	4.33
22.75	22.25
39.38	38
25.25	24.65
1.83	1.76
24.58	24.01
62.94	61.11
2.77	2.73
11.45	11.3
4.12	4.06
19.27	17.74
10.49	10.38
8.69	8.23
18.74	17.6
5.33	5.28
33.14	32.34
14.81	14.45
39.5	38.73
19.51	19.11
5.61	5.49
5.68	5.56
38.75	38.14
33.8	32.41
8.91	8.67
21.79	21.6
208.63	201.61
0.77	0.69
23.26	22.82
12.31	11.82
41.77	40.1
3.66	3.59
18.25	17.67
26.47	25.85
8.2	7.96
3.18	3.11
5.76	5.66
31.49	30.21
28.68	27.24
3.01	2.96
7.21	7.15
5.18	4.9
40.41	37.92
11.8	11.01
22.65	20.51
7.29	7.07
5.85	5.79
9.55	9.28
5.24	5.13
13.97	13.74
5.44	5.36
4.74	4.65
6.32	6.25
9.72	9.35
3.83	3.74
17.88	17.21
9.76	9.55
25.69	25.4
4.08	4.03
15.29	14.96
27.89	27.11
6.8	6.69
16.88	15.19
13.13	12.79
6.66	6.33
89.49	85.75
18.44	17.61
4.28	4.18
19.86	18.95
1.76	1.64
4.95	4.88
69.37	66.05
13.43	13.17
33.15	31.9
184.5	181.56
11.4	11.03
29.9	28.28
14.21	13.92
8.57	8.46
15.48	15.34
7.22	6.86
20.82	19.61
9.14	9.05
6.35	6.22
13.07	12.73
22.88	22.46
3.27	3.05
7.02	6.92
18.77	18.02
6.67	6.56
5.19	5.08
23	22.31
14.56	14.26
20.45	19.87
26.21	25.8
15.3	14.45
21.97	21.5
21.65	21.2
15.1	14.79
235.24	225
40.64	39.85
2.52	2.47
13.24	12.65
51.77	50.28
5.46	5.34
19.2	18.37
4.5	4.42
24.24	23.52
15.2	14.91
1.49	1.45
29.94	29.43
35.5	34.35
90.8	85.78
9.45	9.11
124.88	120.14
17.81	17.48
21.81	21.23
37.7	36.89
7.01	6.73
6.15	6.01
6.93	6.82
80.98	78.53
14.6	14.35
6.26	6.03
23.55	22.7
29.35	28.57
19.1	18.76
7.88	7.64
11.19	10.78
19.98	19.4
15.34	15.11
5.95	5.82
7.39	7.3
39.3	38.28
4.52	4.45
41.7	37.33
18.9	18.34
14.23	14.01
27.64	27.1
3.02	2.99
5.31	5.28
6.23	6.07
12.4	11.8
5.94	5.76
3.9	3.83
25.59	25.04
3.9	3.82
5.89	5.84
15.39	15.15
2.87	2.65
29.77	29.36
3.72	3.67
4.17	4.1
14.1	13.7
11.27	11.11
45.26	43.34
93.5	85.13
56.48	52.09
6.49	6.35
29.47	28.58
37.88	36.96
11.15	10.96
14.41	13.99
8.28	8.08
18.6	17.94
10.22	10.07
51.72	50.49
12.87	12.59
9.24	9.03
59.3	55.51
9.42	9.09
17.2	16.94
55.07	50.8
8.03	7.79
32.78	31.82
5.58	5.3
17.22	16.91
15.54	15.15
125.4	113.89
47.58	46.31
24.2	23.6
20	19.54
12.4	11.94
8.3	8.13
18.44	17.72
30.29	29.11
9.19	9.08
20.9	20.28
11.72	11.55
1.48	1.46
7.25	6.72
3.09	3.06
8.88	8.53
5.53	5.45
23.47	23.2
19.89	19.36
68.3	61
19.44	18.9
48.9	47.59
4.64	4.6
27.99	27
3.43	3.29
27.99	27.2
31.8	31.1
4.41	4.22
6.94	6.78
10.34	10.21
3.89	3.83
13.63	13.18
16.27	15.81
17.47	17.06
40.86	39.91
6.52	6.43
14.44	14.01
6.34	6.19
9.56	9.46
22.5	21.71
21.28	21
229.96	221.13
6.62	6.38
34.85	34.33
18.1	17.64
9.5	9.3
16.1	15.76
12.77	12.55
15.3	14.54
14.56	13.74
4.17	4.13
6.38	6.3
3.06	3.03
3.08	3.05
27.3	26.39
10.44	10.26
2.92	2.89
1.77	1.75
3.28	3.21
251	234
3	2.89
8.05	7.83
20.69	20
12.65	11.83
12.08	11.93
4.32	4.23
8.93	8.78
6	5.86
12.98	10.84
37.77	36.55
3.18	3.14
22.9	22.38
51.49	49.09
38.2	35.53
50.55	47.63
29.3	28.33
5.86	5.71
78.7	77.4
36.35	35.5
15.79	15.02
9.08	8.95
26.44	25.84
9.5	8.91
30.17	28.5
20.3	19.92
27.77	27.15
1.67	1.59
12.65	12.18
4.11	4
14.31	13.88
7.49	7.26
12.6	12.36
95.77	90.3
29.51	28.81
17.5	17.18
6.34	6.09
22.25	21.42
53.66	50.2
24.66	24.14
24.69	24.05
40.49	39.66
4.01	3.91
22.36	21.4
2.93	2.86
4.74	4.61
49.65	48.8
18.87	18.45
2.47	2.38
73.55	71.49
5.98	5.81
10.13	9.88
2.81	2.75
109.8	106.55
6.11	6.01
46.97	45.22
30.73	29.84
7.79	7.66
8.78	8.44
15.06	14.95
5.87	5.78
24.57	23.9
4.89	4.81
46.88	44.65
4.23	4
6.57	6.37
25.23	24.66
3.36	3.15
3.33	3.01
12.53	11.96
4.03	3.95
7.14	6.87
57.5	53.56
20.79	19.67
21.58	20.77
11.6	11.39
39.19	38.81
24.71	24.15
5.71	5.64
18.02	17.59
61.8	60.21
2.5	2.47
7.58	7.3
155.5	150.51
2.93	2.8
4.43	4.37
98.13	93.11
7.44	7.33
1682.88	1663
12.64	12.4
32.68	32.27
8.78	7.91
40.4	39.8
5.42	5.36
15.6	15.2
54.54	52.64
44.79	43.91
24.11	21.92
8.28	7.79
8.92	8.27
8.24	8.08
15.88	14.78
5.12	5.1
2.97	2.94
5.27	5.18
8.52	8.38
5.49	5.38
7.65	7.43
4.52	4.46
8.57	8.5
9.52	9.43
5.32	5.21
9.78	9.72
8.66	8.03
26.69	26.05
10.25	10.05
7.98	7.88
15.85	15.58
10.96	10.3
14.74	14.05
13.6	13.32
15.4	14.91
5.15	5.07
4.74	4.7
11.96	11.84
10.15	10
12.1	11.66
9.65	9.51
12.62	12.39
8.24	8.07
4.86	4.77
9.38	9.16
11.27	11.13
14.38	14.12
4.79	4.75
9.85	9.62
2.6	2.58
6.1	6.04
4.27	4.24
14.7	14.02
6.35	6.25
5.45	5.4
3.52	3.43
11.63	11.35
14.89	14.6
51.8	49.89
6.42	6.31
4.4	4.33
5.42	5.2
7.52	7.26
12.08	11.88
25.43	24.68
26.9	26.15
4.49	4.42
4.99	4.88
37.14	35.39
4.76	4.68
8.61	8.28
7.74	7.59
96.86	93.3
22.12	21.48
6.17	6.1
7.53	7.37
8.55	8.23
42.73	41.41
4.21	4.15
2.55	2.52
13.78	13.28
6.26	6.2
4.98	4.88
18.42	17.91
26.86	26.4
6.08	6.01
4.11	4.03
41.42	39.9
5.72	5.67
22.3	21.81
46.9	46.04
63.77	61.87
29.73	29.73
9.53	8.62
29.38	28.11
10.1	9.99
27.88	25.44
13.29	13.17
11.39	11.15
11.17	10.87
22.13	21.94
7.15	7.06
20.74	20.01
27.37	25.4
5.41	5.22
2.87	2.83
7.39	7.08
5.39	5.32
103.62	101.1
20.05	19.3
2.91	2.87
9.16	8.9
184.73	174.5
2.77	2.72
40.01	38.91
22.99	20.92
5.77	5.67
12.83	12.54
7.03	6.91
14.2	13.77
4.99	4.93
8.97	8.77
7.7	7.61
47.42	45.51
22.23	21.9
177.7	171
125	120.01
19.99	18.66
9.96	9.7
8.92	8.77
4.14	4.08
23	21.75
9.29	9.14
25.75	25.31
2.32	2.27
10.59	10.13
10.96	10.55
18.15	17.68
3.8	3.7
1.55	1.49
25.14	24.4
10.45	9.84
4.84	4.51
9.67	9.28
22.6	21.03
19.09	18.49
2.65	2.62
4.72	4.62
13.47	13.2
14.26	13.67
15.92	15.6
24.79	24.31
72	68.55
55.74	53.11
3.96	3.88
41.96	40.5
29.22	28.41
4.1	4.04
22.05	21.48
32.22	31.48
16.02	15.52
3.53	3.47
9.89	9.74
2.53	2.5
26.64	26.14
5.9	5.71
25.6	25
135.16	127.81
32.6	31.35
3.79	3.75
20.53	20.24
8.98	8.59
14.17	13.7
2.64	2.56
10.65	10.29
6.25	6.13
19.82	19.21
27.65	27.24
22.57	21.82
19.6	19.34
10.78	10.69
12.29	12.16
13.52	13.13
22.8	22.23
5.79	5.69
10.08	9.93
7.57	7.44
9.28	9.11
3.7	3.53
7.07	6.93
35.74	34.91
25.12	24.69
6.44	6.35
55.47	51.81
16.15	15.68
6.63	6.49
12.42	12.09
24.25	23.72
12.57	12.33
6.32	5.89
7.86	7.72
155.31	150.22
9.55	9.33
11.16	10.93
16.42	16.05
5.16	5.1
12.35	12.19
13.98	13.79
7.57	7.47
8.13	7.95
11.06	10.77
9.05	8.8
4.35	4.31
4.77	4.72
22.55	21.18
36.08	35.35
225.9	216.39
79.66	76.88
4.72	4.57
5.28	5.1
17.3	16.79
14.29	14.01
6.94	6.85
2.9	2.82
12.75	12.58
92.26	88.01
9.72	9.45
17.67	16.07
12.66	12.44
3.1	3.02
10.06	9.77
17.43	17.22
14.93	13.66
23.44	22.86
27.18	26.25
3.58	3.52
7.2	6.95
95.28	90
10.5	10.32
9.23	8.94
15.79	15.22
5.02	4.95
3.73	3.66
7.34	7.17
48	46.16
72	69
10.87	10.36
16.16	15.67
38.87	37.11
3.19	3.12
102.35	98.94
23.51	22.78
29	28.58
17.28	16.96
5.93	5.61
23.7	22.81
6.33	6.21
4.83	4.73
5.75	5.6
15.44	15.02
26.93	26.39
6.96	6.73
6.28	6.18
18.62	18.31
10.42	10.15
6.79	6.57
9.44	9.28
31.55	30.67
1.67	1.67
17.05	16.5
6.7	6.61
6.74	6.54
41.41	39.54
4.01	3.97
74.15	71.6
41.24	40.56
39.95	39.21
27.88	25.85
6.14	6
6.97	6.89
2.46	2.42
2.09	2.04
15.13	14.64
19.24	18.66
16.78	16.07
22.88	22.12
22.32	21.68
2.24	2.21
5.67	5.23
14.7	13.93
19.8	19.5
4.82	4.76
7.02	6.9
7.85	7.7
5.9	5.77
82.7	80.5
4.39	4.25
5.13	5.04
6.31	6.25
5.15	4.69
3.3	3.24
7.34	7.13
11.63	11.35
10.52	10.36
18.36	18.1
155.98	152.3
7.86	7.68
13.99	13.81
3.83	3.68
30.73	29.6
23.31	22.5
11.63	11.5
3.99	3.96
4.14	4.07
11.78	11.53
1.75	1.71
14.94	14.63
36.96	35.9
21.75	20.91
82.66	77
108.3	103.95
2.24	2.15
2.66	2.63
55.58	53.2
7.26	6.86
9.6	9.46
4.41	4.27
43.23	40.71
1.62	1.58
8.05	7.94
14.75	14.3
13.61	13.39
7.01	6.7
34.34	33.6
6.21	6.06
13.48	13.27
36.1	35
12.15	11.71
40.1	39.19
3.36	3.33
32.65	31.86
2.02	1.99
24.85	24.3
28.82	28.3
16.56	16.08
42.18	40.56
36.18	35.42
11.44	11.19
3.8	3.7
4.7	4.63
17.15	16.71
17.71	17.32
5.77	5.5
5.18	5.08
17.68	17.09
17.38	16.85
5.58	5.43
31.03	28.1
7.71	7.61
5.9	5.86
5.63	5.6
8.76	8.58
6.9	6.63
11.58	11.4
7.02	6.9
3.69	3.6
7.17	7.08
16.45	16.29
5.75	5.71
8.98	8.9
4.16	4.12
6.59	6.53
24.55	23.91
3.07	3.02
14.3	13.64
15.62	15.23
12.06	11.91
8.4	8.27
6.25	6.15
12.72	12.4
9.2	9.15
3.67	3.64
4.54	4.46
10.97	10.9
9.55	9.19
6.44	6.32
9.15	8.83
7.04	6.93
8.28	8.14
5.44	5.36
11.1	10.9
12.79	11.93
4.42	4.35
10.18	9.7
5.58	5.54
3.38	3.25
6.12	6.08
11.77	11.61
20.97	19.79
6.39	6.25
6.25	6.18
3.69	3.62
49.25	47.7
2.6	2.45
57.44	56
26.92	26.46
3.08	3.02
9.2	9.05
99.07	93.7
9.98	9.64
14.68	14.15
15.82	15.63
32.99	32.3
60.35	58.88
10.95	10.69
3.46	3.39
12.71	12.32
11.86	11.72
8.15	7.9
19.95	19.65
10.25	10.06
3.38	3.3
8.13	8.02
33.51	32.96
64.33	62.6
13.33	13.1
5.74	5.58
193.37	183.15
15.02	14.7
11.4	11.19
14.95	14.74
18.73	18.33
55.1	52.7
12.1	11.06
22.88	22.25
12.02	11.72
13.53	13.35
7.55	7.42
102.69	100.47
24.15	23.68
12.11	11.97
29.55	27.7
4.61	4.57
15.57	15.29
4.94	4.79
11.71	11.24
34.18	32.54
4.62	4.39
3.31	3.15
15.49	15.06
75.46	73.13
6.88	6.4
25.66	25.24
37.3	36.63
6.73	6.61
14.72	13.98
20.15	19.75
16.77	16.16
4.81	4.68
10.52	10.19
7.15	6.85
26.18	25.19
73.63	71
17.3	17.03
5.53	5.41
7.17	6.98
8.06	7.66
9.54	9.41
66.1	64.11
5.51	5.03
9.48	9.02
14.66	14.05
38.03	36.66
16.35	15.74
20.2	18.78
17.95	17.62
4.05	3.96
95.11	91.31
7.85	7.56
24.81	23.83
2.25	2.22
23.55	22.94
5.2	5.11
25.04	24.3
17.57	17.28
4.96	4.69
16.66	16.38
8.03	7.91
6.71	6.64
34.07	32.88
19.14	18.34
43.33	42.51
20.6	19.85
2.75	2.69
12.69	12.45
10.99	10.75
9.74	9.6
23.85	23.41
457.77	449.16
16.18	15.76
6.12	6.05
75.75	73.64
18	17.7
17.85	17.58
3.12	3.08
13.86	13.62
19.75	19.16
17.12	16.97
13.8	13.6
5.91	5.75
6.92	6.64
16.37	15.78
8.44	8.36
13.31	12.95
10.73	10.51
43.64	39.45
24.01	22.38
27.09	26.56
17.71	17.4
3.23	3.19
56.67	55.2
10.29	10.04
92.89	82.89
13.58	13.18
11.35	11.1
4.75	4.61
43.19	41.68
59.8	58.69
123.6	117.88
12.86	12.65
3.77	3.66
33.27	32.84
19.9	19.52
9.47	9.32
28.73	27.77
139.5	135
31.35	30.67
25.64	25.11
17.76	17.31
75	72.11
33.5	32.58
4	3.95
13.6	12.74
28.65	28.12
1.6	1.58
21.15	20.62
7.41	7.23
11.68	11.39
13.71	13.57
3.84	3.81
4.24	4.2
10.4	10.2
13.15	12.95
54.88	52.03
22.5	21.81
11.23	11.05
21.15	20.6
17.27	15.86
5.19	5.09
20.48	19.92
4.78	4.6
10	9.5
7.63	7.52
42.65	41.77
1.82	1.79
103.24	96.99
13.04	12.57
5.27	5.17
13.3	13.08
7.69	7.35
21.37	20.48
79.9	76.18
5.4	5.04
2.65	2.62
9.31	9.22
19.25	18.07
44.99	42.17
3.68	3.6
7.29	7.1
16.92	16.18
18.9	18.22
12.08	11.8
9.23	8.99
4.63	4.44
9.98	9.84
20.4	19.8
1.21	1.18
16	15.81
61.48	59.25
59.42	58.06
7.56	7.12
18	17.62
9.2	9.06
26.09	25.27
10.57	10.13
38.6	36.12
11.2	10.88
18.96	18.16
24.58	23.6
32.51	31.65
11.52	11.22
14.11	13.85
29.9	29.16
13.13	12.96
27.99	27.5
13	12.74
5.12	5.06
20.49	20.08
17.56	17.1
19.25	18.88
20.33	19.89
28.55	27.9
5.42	5.38
8.83	8.74
39.5	38.68
6.76	6.55
9.57	9.18
4.68	4.57
6.26	6.06
10.26	9.92
16.14	15.65
113.4	108.78
15.88	15.43
5.58	5.41
20.3	19.72
9.86	9.46
13.84	13.63
28.97	28.48
15.42	15.15
59.86	54.8
7.32	7.19
13.97	13.81
17.17	16.63
12.18	11.99
15.26	15.03
13.86	13.64
22.19	21.39
29.96	28.2
9.53	9.26
78.3	72.3
25.2	24.67
5.29	5.23
35	33.83
5.37	5.15
43.13	42.25
16.58	16.36
56.82	54.58
33.45	33.06
6.95	6.87
7.61	7.45
29.81	27.18
30.2	29.4
26.99	24.5
2.76	2.67
6.6	6.41
13.11	12.61
4.47	4.26
4.38	4.26
4.4	4.3
24.5	24
2.55	2.53
6.8	6.72
40.8	39.01
6.59	6.4
17.41	16.36
19.38	19.04
7.22	6.79
6.72	6.64
57.94	56.1
29.84	28.98
11.62	11.41
14.97	14.56
4.66	4.58
26.37	25.28
4.75	4.61
12.39	12.05
6.53	6.48
41.5	40.49
19.22	18.72
4.19	4.1
48.55	46.57
7.16	6.76
20.28	18.75
1.85	1.82
6.61	6.47
45.5	42.42
72.07	71.2
28.87	27.5
9.83	9.7
45.23	43.14
9.22	9.04
37.55	36.86
8.52	8.02
6.23	6.12
18.79	18.5
6.09	5.95
6.73	6.5
2.9	2.63
21.89	18.63
27.77	26.8
4.93	4.85
6.48	6.32
3.82	3.61
12.35	12.22
6.31	6.22
47.3	45.5
72.88	66.13
3.6	3.43
28.88	26.81
35.36	34.07
3.72	3.67
26.69	24.6
8.76	8.46
43.16	38.8
65.25	63.25
28.6	28.03
45.11	43.61
14.38	14.07
12.47	12.1
66.54	65.01
13.25	13.01
23.71	23.16
13.07	12.5
5.44	5.34
2.79	2.77
6.66	6.47
9.66	9.3
25.48	25.06
5.14	4.96
2.9	2.86
20.04	19.61
6.48	6.3
14.49	14.11
32.09	31.6
14.87	14.74
11.92	11.73
328.01	315.18
7.3	7.2
19.54	19
46.35	44.5
14.24	13.69
11.44	11.29
44.35	42.77
6.39	6.15
24.59	24.27
27.98	27.42
12.87	12.33
6.49	6.39
17.17	16.95
6.43	6.31
52.65	50.81
13.46	13.19
3.43	3.31
14.62	13.42
24.16	23.3
11.61	11.35
4.2	4.14
14.1	13.65
4.98	4.86
40.26	36.4
24.41	24
3.1	3.06
18.3	17.68
31.99	30.5
72	67.33
39.5	38.75
11.09	10.96
16.35	15.76
83.33	79.58
7.38	7.23
27.45	26.99
19.49	19.07
11.34	11.05
18.25	17.9
4.17	4.07
21.94	20.55
14.51	14.19
36.3	35.17
30.91	30.4
31.2	30.7
5.53	5.42
5.33	5.12
42.79	40.67
136.36	131.6
18.3	17.95
6.35	5.86
11.96	11.58
4.85	4.78
28.37	27.99
3.28	3.21
24.2	23
28.9	28.14
25.53	23.08
42.97	42.31
6.79	6.58
2.37	2.34
15.99	15.6
2.66	2.6
0.55	0.55
65.5	61.88
4.96	4.87
5.53	5.41
21.4	20.55
6.29	6.19
3.81	3.67
13.63	13.27
13.29	13.04
13.09	12.85
6.34	6.21
50.8	49.24
41.76	40.25
2.62	2.46
16.61	16.17
102.57	96.1
29.14	28.25
48.98	47.66
17.9	17.57
70.85	68.56
3.97	3.93
19.4	19.12
10.34	10.01
23.18	21.8
22.21	21.73
6.61	6.44
15.84	15.66
25.75	24.97
3.74	3.66
10.28	10.04
10.1	9.69
31.9	29.35
18.16	17.91
2.92	2.85
4.02	3.85
3.72	3.6
21.54	20.45
6.39	6.31
4.76	4.63
13.14	12.94
32.64	31.8
4.88	4.84
8.67	8.45
9.98	9.22
3.78	3.75
2.01	1.99
12.23	11.71
8.52	8.35
8.52	8.35
8.88	8.66
27.83	27.09
15.3	14.82
19.7	19.23
7.3	7.17
7.64	7.3
11.38	11.21
11.1	10.81
19.85	19.44
6.17	5.87
24.93	24.1
26.58	25.87
20.37	20.02
4.48	4.39
11.37	9.81
15.5	14.54
16.66	16.4
12.15	11.92
18.9	18.27
3.88	3.8
16.34	14.84
94.48	92.27
24.37	23.62
19.95	19.22
5.96	5.86
12.82	11.97
7.22	7.13
154.9	148.88
4.25	4.14
10.54	10.33
44.21	43.13
32.1	30.85
12.77	12.55
6.61	6.45
4.7	4.62
10.85	10.7
4.58	4.52
52.25	50.62
12.13	11.91
11.82	11.39
21.62	21.27
2.23	2.2
13.59	13.5
5.24	5.18
3.21	3.14
10.66	10.4
24.79	24.25
7.99	7.9
27.17	26.52
51.96	50.3
10.1	9.7
9.03	8.86
5.3	5.23
3.23	3.2
5.1	5
11.93	11.7
51.35	50.12
5.43	5.34
22.32	21.57
85	81.55
3.51	3.47
45.9	44.76
15.83	15.57
6.14	5.92
10.26	10.09
3.02	2.85
5.31	5.23
138.99	132
10.52	10.26
20.39	19.56
17.54	17.21
3.35	3.28
65.5	61.88
46.35	45.28
3.14	3.07
68.08	66.5
13.8	13.44
10.44	10.05
6.26	6.18
17.51	17.2
62.28	58.3
122.97	118.51
5.78	5.55
31.18	30.16
3.55	3.5
12.38	12.03
21.96	21.18
18.99	18.72
17.09	16.89
5.45	5.22
6.59	6.29
4.42	4.36
8.54	8.37
30.76	29.92
18	17.54
15.7	15.2
2.39	2.35
12.4	12.21
4.29	3.99
90.57	87.27
26.73	26.2
14.93	14.68
2.42	2.42
5.75	5.49
4.81	4.72
7.31	7.16
29.1	28.41
26.53	26.37
46.48	39
22.9	22.62
9.65	9.54
303.99	298.02
9.46	9.11
46.85	46
7.95	7.76
27.21	26.18
16.03	15.81
10.51	10.18
52.9	51.03
11.97	11.75
10.99	10.87
10.3	10.04
19.96	19.65
74.48	71.07
9.86	9.66
7.22	7.07
12.7	12.49
47.59	46.5
9.26	8.91
5.59	5.46
8.69	8.4
6.51	6.41
5.92	5.81
19.91	19.55
18.61	18.11
11.32	10.83
28.65	27.18
3.21	3.13
7.86	7.53
13.92	13.7
7.55	6.66
4.97	4.89
7.64	7.51
6.28	6.13
0.29	0.27
2.33	2.19
106.96	104.03
94.68	90.7
7.31	7.23
7.72	6.9
41.19	40.44
40.07	38.19
90.4	86
10.13	9.81
35.24	34.42
113.08	106.71
42.07	41.09
4.88	4.76
14.34	13.61
2.82	2.78
43.6	39.75
9.36	9.24
5.34	5.28
55.28	54.2
26.96	24.81
21.14	20.44
7.78	7.61
52.44	50.55
3.04	2.99
7.61	7.44
27.35	26.74
82.37	79.86
12.22	11.97
5.02	4.95
8.09	7.58
7.69	7.6
11.9	10.91
19.68	18.66
8.58	8.42
6.09	5.98
46.3	44.34
3.47	3.4
12.59	11.7
27.04	26.22
33.5	31.5
19.44	19.09
17.46	16.89
49.3	48.22
33.09	31.23
12.12	11.85
9.67	9.51
20.05	19.61
5.59	5.54
6.9	6.79
16.2	15.4
45.05	43.92
11.23	10.7
5.57	5.52
9.72	9.48
24.53	23.83
7.76	7.55
5.7	5.57
15.91	15.25
3.72	3.66
2.45	2.36
46.98	45.8
19.95	19.64
7.17	7.08
7.29	7.2
4.6	4.5
82.17	79.36
20.47	19.9
14.34	14.02
12.39	11.95
4.78	4.55
2.95	2.92
8.7	8.55
3.92	3.85
3.88	3.8
11.28	11.14
10.39	10.15
5.37	5.31
2.92	2.83
14.55	14.3
4.78	4.68
55.41	52.75
6.85	6.74
3.15	3.03
22.56	21.89
2.83	2.8
3.14	3.1
8.39	8.21
2.21	2.19
9.03	8.87
10.97	10.79
25.95	25.09
40.05	39.61
22.25	21.92
45.5	44.1
9.37	9.26
7.89	7.58
23.29	22.2
9.93	9.83
6.93	6.71
6.24	6.04
14.28	13.75
11.14	10.97
14.52	14.16
15.28	14.92
2.75	2.71
15.25	14.78
122.92	119.54
12.4	12.11
6.75	6.42
53	50.83
2.35	2.3
3.37	3.3
60.82	59.67
11.78	11.59
6.83	6.71
13.64	13.05
5.17	5.05
7.14	7.04
17.12	16.85
2.99	2.92
2.87	2.77
14.39	13.92
4.02	3.76
8.79	8.6
1.95	1.91
15.16	14.49
13.57	13.24
38.56	36.82
34.46	33.86
17.49	16.82
26.31	25.74
11.95	11.56
17.08	16.68
28.67	27.55
17.97	17.27
38.37	37.59
39.88	39.36
2.01	1.97
68.19	67.2
4.03	3.96
15.12	14.95
23.17	22.22
37.3	36.42
27.33	25.61
8.53	7.99
30.49	29.48
23.77	23.13
48.99	45
33.36	32.58
1.96	1.87
19.07	18.24
36.51	35.68
11.02	10.47
15.52	15.28
21.85	21.45
4.97	4.93
4.24	4.15
5.34	5.22
24.8	23.98
24.45	23.45
22.09	21.62
6.88	6.57
7.52	7.4
5.25	5.17
5.86	5.77
3.6	3.42
3.84	3.8
32.93	32.16
14.36	14.18
6.3	5.84
17.68	17.25
214.77	208.52
22.88	22.38
30.24	29.46
49.64	47
23.1	22.91
10.99	10.56
45.66	44.22
9.3	9.15
42.65	41.39
28.99	28.55
2.64	2.56
58.38	56.41
10.39	9.95
168.77	154
11.95	11.76
15.54	14.81
7.48	7.4
19.83	19.55
7.64	7.47
45.7	45.17
71.58	68.95
17.85	17.06
91.58	89.01
12.03	11.71
114.98	102.75
13.37	12.28
13	12.58
9.37	9.14
13.8	12.9
10.53	10.38
3.07	3.03
25.78	24.67
24.48	23.7
81.78	77.82
92.74	89.33
8.79	8.61
2.2	2
5.83	5.59
2.52	2.49
15.78	14.92
20.69	20.02
7.03	6.91
4.68	4.58
16.84	16.19
5.16	4.98
2.68	2.56
22.26	21.67
6.55	6.26
6.18	6.05
4.46	4.39
6.52	6.42
4.99	4.92
7.57	7.38
44.7	42.91
4.73	4.67
20.13	18.84
21.18	20.72
11.74	11.46
5.26	5.11
6.25	6.18
6	5.9
2.91	2.85
13.88	13.71
26.28	25.8
27.9	27.21
11.89	11.73
32	31.13
20.47	19.65
24.35	23.84
3.94	3.6
61	55.11
9.68	9.52
5.12	4.78
50.77	48.78
46.04	43.01
16.31	16.13
7.74	7.63
38.06	37.4
9.86	9.6
7.3	7.16
26.58	26.26
13.86	13.25
9.38	8.97
9.58	9.37
18.65	17.28
6.79	6.09
5.48	5.32
22.19	21.85
8.09	7.94
2.46	2.36
2.04	2.03
21.83	21.4
34.24	33.5
146.18	142.87
6.32	6.16
35.5	33.28
7.85	7.73
53.9	50.69
8.07	8
14.08	13.65
19.01	18.77
26.58	25.07
14.71	14.33
22.3	20.9
15.74	15.6
6.98	6.77
4.06	3.94
8.29	7.85
4.71	4.62
9.38	9.14
14.9	14.48
18.23	17.12
4.85	4.76
18.86	17.73
33.86	32.85
40.86	39.92
3.19	3.1
35.7	34.5
11.33	10.92
3.87	3.82
2.95	2.88
11.07	10.65
24.09	23.28
12.07	11.92
13.75	12.98
29.2	28.36
14.03	13.77
15.31	14.79
2.33	2.26
10.55	10.18
4.03	3.91
11.2	11.04
23.98	23.53
14.85	14.51
5.81	5.63
6.02	5.93
5.31	5.23
5.95	5.8
5.28	5.18
9.53	9.32
8.02	7.92
7.3	6.86
11.15	10.65
108.5	104
7	6.43
7.44	7.3
10.03	9.86
7.16	7.03
18.25	17.97
31.33	30.1
37.27	36.13
19.78	19.28
2.75	2.71
67.42	66.3
27.55	26.77
6.77	6.61
35.26	34.47
7.45	7.36
11.16	10.8
1.06	1.04
2.33	2.31
20.4	18.81
59.95	56.66
14.22	13.97
8.15	7.75
5.75	5.59
2.72	2.66
35.03	34.07
2.27	2.21
37.75	36.51
7.64	7.5
33.08	32.78
6.82	6.67
47.99	47.15
115.3	112.64
36	35.13
18.93	17.91
6.8	6.67
30.62	30.07
7.12	7.02
14.7	14.28
6.38	6.25
3.57	3.49
10.77	10.45
18.28	17.5
35.98	33.59
4.69	4.59
8.98	8.77
38.58	34.9
7.58	7.4
16.15	15.58
8.93	8.68
37.78	36.32
32.6	31.7
48.75	46.46
27.28	26.64
6.45	6.36
23.78	23.04
11.62	11.47
12.83	12.14
16.38	16.24
40.18	36.6
11.05	10.73
15.01	14.75
79.98	78.2
11	10.69
8.65	8.5
24.04	23.28
8.49	8.13
1.6	1.57
29.16	26
23.41	22.61
10.83	10.38
3.02	2.99
5.52	5.44
5.47	5.32
18.1	17.46
34.08	32.74
7.38	7.29
10.93	10.68
10.24	9.98
5.76	5.67
34.9	34.28
4.73	4.61
13.1	12.83
14	13.83
99.39	95.06
3.86	3.82
2.81	2.77
45.87	44.35
13.02	12.63
45.1	43
38.28	37.28
7.05	6.88
7.84	7.49
193.48	189
17.64	17.22
7.35	7.16
106.89	104.3
8.26	8.15
17.93	17.32
17.86	16.87
6.44	6.35
23.4	22.51
4.3	4.24
3.76	3.72
16.88	16.63
9.36	8.89
15.09	14.78
21.35	20.37
10.68	10.48
51.66	49.62
13.23	12.88
5.84	5.71
21.35	20.37
4.3	4.16
5.92	5.83
40.39	38.6
7.25	7.18
10.09	9.85
14.79	14.6
27.66	26.46
7.32	7.06
13.35	12.86
16.01	15.78
10.86	10.66
48.19	45.95
12.24	11.92
10.74	10.58
11.5	11.18
26.96	26.11
15.55	15.31
39.15	37.49
7.1	6.93
4.46	4.4
558.09	543.3
20.18	18.65
4.85	4.77
13.5	12.31
7.82	7.69
12.04	11.79
3.34	3.3
6.23	6.13
18.75	18.21
17.9	16.71
23.4	22.79
2.19	2.14
26.49	25.42
27.25	25.82
36.25	35.27
7.32	7.24
4.83	4.73
67.48	65.87
48.34	46.37
5.44	5.39
3.43	3.37
8.24	8.06
52.32	51.41
29.24	28.9
9.68	9.05
7.67	7.5
24.5	24.08
5.85	5.78
6.86	6.68
46.05	45.1
21.08	20.39
3.08	3.01
6.44	6.35
13.16	12.63
23.91	23.5
17.04	16.6
55.55	54.4
14.63	14.29
20.28	19.58
21.15	20.69
17.9	17.35
5.97	5.59
13.75	13.31
5.29	5.22
15.58	14.52
26.53	25.94
26.06	25.4
80.5	78.68
5.33	5.23
31.6	30.98
87.09	84.02
22.32	22.07
63.86	62.39
17.61	17.33
54.54	51.01
2.96	2.86
32.82	32.54
19.49	18.55
18.42	17.04
19.14	18.43
8.78	8.61
16.25	15.35
31.25	29.81
16.37	16.19
15.03	14.7
14.7	14.31
77	72.67
5.61	5.5
2.22	2.19
33.01	32.3
14.36	14.16
6.58	6.43
7.8	7.61
9.63	9.39
15.35	13.91
4.7	4.63
7.51	7.39
178.77	170.85
16.74	16.12
93.38	89.82
7.16	6.79
7.5	7.36
5.88	5.71
9.99	9.68
6.73	6.62
5.57	5.39
28.87	25.5
8.35	8.21
3.5	3.31
9.51	9.43
12.52	12.31
7.89	7.66
8.97	8.67
8.4	7.98
18.45	17.5
11.1	10.81
26.82	26.22
3.16	3
8.62	8.35
2.62	2.56
4.23	4.12
2.85	2.81
13.88	13.35
14.26	13.84
14.53	14.17
8.58	8.43
15	14.71
4.9	4.82
11.51	11.33
4.08	4.04
3.3	3.24
5.38	5.26
18.81	17.89
20.6	20.33
7.59	7.46
12.18	11.25
8.25	8.07
8.08	8
10.72	10.41
33.52	33.11
27.38	26.61
25.37	24.93
135.29	132.51
19.18	18.75
10.59	9.7
4.32	4.16
19.27	18.98
11.01	10.9
34.51	31.8
21.96	21
11.16	10.82
8.24	8.15
35.75	35.24
14.6	14.28
16.67	16.2
109.71	101.29
7.76	7.62
56.77	55.05
22.96	22.5
18.1	17.82
31.19	29.81
5.92	5.83
3.3	3.26
3.88	3.81
66.83	63
13.98	13.58
22.79	21.89
29.31	28.34
9.5	9.34
27.35	26.8
65.49	62.72
15.77	15.2
29.87	29.45
14.7	13.09
30.3	29.71
63.5	51.03
19.58	18.84
83.02	80.82
7.85	7.73
5.77	5.65
53.6	45.22
5.19	5.05
3.8	3.77
3.72	3.68
20.73	20.17
5.24	5.16
59.21	58.18
3	2.89
8.44	8.32
9.04	8.93
8.48	8.19
28.09	27.45
1.44	1.35
18.34	17.77
16.53	15.82
15.6	15.33
10.31	10.06
13.8	13.42
1.97	1.94
15.37	15.02
10.12	9.7
48.93	48.23
17.38	16.96
36.47	35.42
5.55	5.49
38.73	37
6.66	6.4
20.48	20
26.58	26.1
15.9	15.61
12.21	11.98
27.22	25.92
3.02	2.98
6.59	6.04
9.06	8.81
8.73	8.44
3.38	3.33
7.68	7.52
15.94	15.5
15.37	14.78
5.21	5.17
8.41	8.29
14.1	13.68
371.68	360.01
18.64	18.35
10.5	10.24
26.36	24.7
3.84	3.76
4.21	4.13
16.47	16.18
21.15	20.65
33.8	32.78
15.09	14.67
6.73	6.43
38.26	37.69
7.49	7.43
2.63	2.6
35.83	34.69
70.27	69.12
59.07	57.71
19.5	19.07
7.85	7.75
24.74	24.44
235.98	224.41
10.88	10.71
8.51	8.3
30.19	29.05
28.97	27.51
17.79	17.43
11.74	11.51
13.24	12.96
16.8	16.65
31.57	30.55
94.19	91.5
8.95	8.58
2.42	2.37
44.96	42.97
13.24	12.9
3.46	3.41
53.89	52.7
4.65	4.58
106.18	101.83
2.67	2.64
59.49	57.21
6.64	6.48
4.78	4.68
53.5	53.1
12.85	12.46
8.02	7.92
10.05	9.83
13.6	13.1
10.18	9.98
22.28	21.21
25.28	24.86
12.62	12.26
7.38	7.22
14.7	14.53
13.26	13.11
2.07	2
3.92	3.84
9.44	9.13
6.39	6.19
37	34.5
6.09	5.95
5.7	5.57
27.3	24.93
4.4	4.27
2.12	2.05
5.71	5.44
21.47	20.7
41.38	40.16
5.43	5.35
34.83	34.37
41.1	39.82
15.66	15.2
5.03	4.89
16.53	16.04
76.1	74.82
18.82	18.28
5.98	5.79
23.79	23
5.84	5.73
42.99	40.32
133.8	127.5
21.29	20.9
28.24	26.42
43.4	42.35
43.85	43.33
55.19	53.98
8.31	8.21
29.98	28.75
26.78	24.72
7.9	7.75
37.88	37.05
24.75	24.16
15.98	15.02
9.72	9.53
34.49	31.53
22.44	21.93
45.49	44.22
2.52	2.48
5.96	5.88
4.77	4.71
14.62	14.31
40.38	39.08
26.16	25.54
14.08	13.85
27.8	24.65
18.32	18.13
9.17	8.9
6.32	6.17
4.64	4.58
17.49	17.05
8.3	8.17
8.12	8.01
25.46	24.86
3.84	3.73
13.89	12.3
36.5	35.55
21.18	20.38
4.97	4.92
10.19	9.83
28.25	27.3
38.34	37.65
72.46	69.55
3.36	3.29
1.72	1.67
38.2	35.45
20.61	19.5
18.44	18.12
41.6	37.89
8.11	7.91
36.24	35.53
6	5.94
61.5	58.8
13.59	12.83
4.44	4.38
5.99	5.93
10.19	10.05
66.5	65.3
35.67	34.16
5.23	5.16
8.39	8.04
19.57	18.61
54.94	53.69
41.68	40.68
5.61	5.4
17.77	17.55
6.88	6.68
20.7	20.24
17.72	17.44
15.44	15.1
3.76	3.68
19.75	19.48
35.12	34.51
18.5	18
7.52	7.45
305	292.9
47.65	46.54
12.48	11.97
12.37	11.87
6.64	6.51
23.75	23.31
3.09	3.04
33.32	32.45
6.82	6.73
34.98	33.8
4.21	4.14
6.65	6.56
18.18	17.78
19.35	18.58
8	7.81
26.56	25.69
7.75	7.35
6.96	6.9
8.33	7.01
16.86	16.17
3.09	2.96
34.18	33
76.98	73.11
22.94	22.39
45.17	43.6
6.41	6.33
17.49	17.06
1.88	1.83
16.9	16.52
16.99	16.79
7.19	6.54
42.3	40.11
14.75	14.5
7.3	7.06
12.4	12.13
6.5	6.42
27.12	26.26
11.94	11.64
5.12	5.04
29.18	28.06
26.78	26.25
3	2.97
30.39	29.4
322.9	312.12
7.69	7.31
7.83	7.54
7.13	7.04
20.88	18.98
28.65	28.11
4.64	4.57
9.42	9.29
41	39.45
26.15	25.75
15.52	15
73.88	72.5
9.03	8.92
9.48	9.26
16.05	15.9
6.94	6.69
25.8	25.06
68.98	66.22
7.84	7.71
18.94	18.59
23.91	20.5
11.51	11.15
44.84	43.16
14.48	14.14
4.48	4.37
16.89	16.33
3.47	3.44
7.03	6.78
11.66	11.33
12.62	12.35
5.24	5.16
41.49	40.2
23.39	23.16
37.76	36.69
6.79	6.63
26.65	25.95
9.08	8.87
9.04	8.48
4.87	4.77
7.02	6.29
51	47.8
13	12.78
8.93	8.65
5.35	5.14
5.65	5.52
6.45	6.29
26.09	25.25
11.25	11.1
17.96	17.83
12.08	11.89
5.68	5.58
5.09	4.91
39.36	37.46
12.03	11.78
7.28	6.92
2.32	2.28
27.32	24.7
4.01	3.96
1.7	1.68
6.8	6.71
20.21	19.84
24.68	24.25
12.35	12
97.46	93.58
5.29	5.21
23.29	22.97
17.04	16.81
1.82	1.74
4.93	4.8
56.1	53.19
33.41	32.95
7.99	7.64
17.79	17.51
24.47	22.85
10.01	9.86
11.79	11.6
75.78	72.88
3.59	3.5
3.45	3.29
17.06	16.74
7.56	7.37
11	10.68
15.23	14.96
22.83	22.48
35.11	33.74
32.52	31.4
93.47	89.52
8.37	7.83
37.12	36.17
2.34	2.3
4.85	4.8
34.18	32.21
72.83	69.2
103.9	100
5.78	5.49
17.74	17.35
5.89	5.73
17.24	17.01
14.49	14.22
18.69	18.06
35.86	35.45
5.92	5.81
6.72	6.67
64.32	62.45
4.67	4.59
6.84	6.63
18.08	17.56
44.24	43.31
56.4	53.97
6.97	6.85
14.1	13.68
5.66	5.56
5.32	5.2
115.88	109
2.33	2.28
10.08	9.13
9.17	8.96
38.3	36.33
3.79	3.74
61.68	59.87
83.58	80.66
33.88	33.31
15.32	14.58
13.16	12.86
9.76	9.29
22.3	21.63
5.61	5.49
30.15	28.32
66.6	62.73
17.68	17.08
5.88	5.77
11.49	11.29
10.38	10.15
14.37	13.96
25.39	24.9
7.43	7.31
9.13	9.02
16.16	15.94
7.55	7.31
2.23	2.21
20.64	20.25
20.2	19.86
7.35	7.12
25.66	25.17
99.03	96.1
11.16	11.02
10.15	9.81
3.33	3.24
17.05	16.19
5.9	5.79
21	20.58
305.9	300.49
3.4	3.36
15.11	14.2
38.35	37.5
11.59	11.28
5.48	5.39
5.23	5.13
7.05	6.9
9.26	9.1
28.67	28.25
22.19	21.58
15.24	14.41
33.58	32.61
13.58	13
14.52	13.68
12.05	11.97
60.22	57.61
24.73	23.96
15.03	14.8
7.51	7.41
5.49	5.27
2.37	2.26
6.27	6.15
63.3	61.67
40.37	38.26
29.37	28.75
4.72	4.64
8.61	8.42
4.86	4.81
7.41	7.32
6.72	6.65
3.63	3.59
27.17	26.1
10.15	9.85
108.68	106.01
14.05	13.79
8.72	8.55
92	87.6
55.9	54.19
16.38	16.02
35.49	34.56
14.14	13.91
18.74	18.27
21.1	19.1
29.37	28.23
5.25	5.14
9.1	8.87
48.95	47.51
12.43	12.17
7.34	7.17
7.63	7.4
29.75	28.66
12.4	12.06
16.93	16.41
26.75	25.9
7.73	7.4
8.48	8.37
2.88	2.82
20.44	18.53
54.61	52.5
34.01	32.8
3.21	3.13
12.61	12.36
6.95	6.82
4.13	4.07
9.95	9.72
8.59	8.51
47.69	46.23
9.77	9.56
5.49	5.38
10.09	9.81
4.82	4.77
4.61	4.54
24.38	23.81
14	13.72
29.16	27.92
4.2	4.15
10.12	9.98
97.25	94.2
7.68	7.4
8.48	8.3
9.45	9.07
19.86	19.57
7.08	6.8
14.28	13.61
45.18	44.53
19.77	19.4
26.3	25.05
17.88	17.32
35.13	34.29
5.14	5.05
28.7	27.59
7.03	6.74
5.35	5.21
12.76	12.6
39.93	38.66
40.86	38.26
49	47.62
10.4	9.99
6.12	5.93
13.03	12.86
28.74	28.01
7.77	7.61
20.68	19.9
5.93	5.82
18.11	17.35
8.36	8.24
12.97	12.64
2.38	2.34
14.26	13.35
15.07	14.62
50.72	49.83
13.75	13.57
14.39	14.05
11.13	10.97
6.24	6.08
15.29	14.63
4.28	4.24
12.08	11.78
22.18	21.51
17.28	16.81
1.71	1.69
32.89	32.1
2.85	2.81
5.54	5.31
11.17	10.96
20.7	19.95
9.25	9.1
9.27	9.18
28.36	27.88
7.07	6.95
21.47	20.53
79.69	76.6
47.68	47.09
8.17	8.03
7.14	6.94
24.84	22.57
16.99	16.8
24.5	23.6
64.85	56.5
12.38	11.94
6.47	6.35
17.3	16.17
13.22	12.59
39.36	38.04
16.08	15.82
12.17	11.99
25.49	24.92
8.77	8.55
4.38	4.25
6.56	6.48
9.39	9.15
28.83	28.36
0.7	0.65
15.18	14.91
154.1	148.68
12.75	12.32
5.47	5.41
52.82	49.5
48.77	48.01
9.33	8.87
5.89	5.74
35.15	34.24
27.49	26.8
17.67	16.99
7.06	6.97
8.39	8.21
4.36	4.23
19.2	18.48
15.19	14.86
5.19	5.12
18.89	18.43
1.72	1.69
10	9.78
87.3	83.43
6.45	6.1
7.58	7.44
4.08	3.95
14.44	14.16
4.05	4
13.37	13.19
23.2	22.21
29.47	27.75
6.23	6.04
156.76	148.35
8.4	8.32
3.11	3.06
9.7	9.63
5.49	5.42
21.9	21.52
11.4	11
13.75	13.48
19.2	18.81
9.64	9.32
3.96	3.9
36.65	36.17
13.46	13.22
40.4	38.02
3.65	3.54
41.88	41.2
9.21	9.08
72.97	70.4
31.81	30.71
9.44	9.3
14.82	14.53
4.08	4.03
16.96	16.59
16.2	15.87
25.9	25.03
9.4	9.18
30.35	29.45
13.32	13.08
30.06	28.78
9.42	9.27
9.88	9.36
6.58	6.43
31.6	30.98
22.47	22.16
35.75	34.21
4.94	4.81
22.94	22.46
6.95	6.76
2.21	2.13
51.61	50.5
7.06	6.95
33.8	32.87
1.73	1.7
12.35	12.03
11.19	10.76
64	61.95
10.34	9.96
57.26	54.82
6.35	6.28
8.02	7.83
9.14	8.94
4.26	4.14
4.68	4.61
14.66	13.7
3.86	3.8
34.49	33.03
1.23	1.21
8.72	8.45
21.3	20.87
5.5	5.43
12.81	12.09
14.44	14.29
64.78	63.32
28.4	25.1
29.86	28.63
32.68	30.77
15.7	14.01
5.97	5.91
21.2	20.11
4.99	4.92
15.2	14.73
1.6	1.56
32.05	30.9
3.03	3.01
8.92	8.8
12.4	12.14
12.59	12.38
5.17	4.83
5.96	5.75
6.21	6.09
6.38	6.27
7.86	7.35
14.23	12.88
12.21	11.87
28.68	27.31
58.63	57.17
97.87	95.98
7.18	6.94
6.66	6.4
14.2	13.72
10.01	9.74
9.29	9
6.06	6
174.48	167.01
5.73	5.66
7.3	7.2
7.3	7.15
19.55	18.65
13.19	12.95
17.26	17
16.66	16.32
42.48	40.48
3.21	3.15
15.33	15.1
15.19	14.66
104.9	101.2
28.88	27.29
7.05	6.95
12.07	11.4
14.93	14.68
6.64	6.51
8.92	8.57
24.11	23
16.5	16.24
50.45	48.2
11.99	11.7
10.28	10.1
4.52	4.26
4.19	4.16
8.13	7.85
16.11	15.64
16.16	15.14
12.19	11.9
12.09	11.97
33.88	33.22
34.79	33.6
21.16	20.8
182.99	176.8
13.99	13.57
12.03	11.81
2.48	2.37
25.23	24.22
19.89	19.5
10.94	10.7
15.45	15.28
20.22	19.98
78.23	76.75
8.17	7.9
13.97	13.76
22.48	22.3
7.5	7.39
6.94	6.84
4.9	4.79
12.17	11.9
12	11.34
16.23	15.88
46.35	45.44
4.18	4.08
8.55	8.35
39.99	39.06
3.73	3.68
16.06	15.61
51.66	50.13
3.35	3.16
46.49	44.3
13.6	12.25
7.74	7.4
9.19	9.07
10.27	9.8
3.87	3.77
5.96	5.82
16.3	15.99
4.15	4.09
374.68	357.65
31.71	30.95
5.88	5.75
1.59	1.48
4	3.92
3.06	3.02
24.88	24.52
91.07	76
10.31	10.07
10.35	9.99
29.7	28.85
24.21	23.7
20.38	19.66
21.29	20.47
5.24	5.17
7	6.91
28.48	28.01
89.5	85.02
22.2	21.32
15.58	15.2
6.16	5.93
13.92	13.6
25.24	23.17
27.9	27.12
3.91	3.82
38.95	36.32
15.34	14.96
44.18	43.33
56.58	53
18.13	17.73
9.07	8.72
4.65	4.59
52.65	51.6
54.4	50.81
6.52	6.39
5.95	5.87
10.49	10.2
2.49	2.45
4.43	4.2
8.85	8.68
15.23	14.51
14.71	14.08
1.5	1.48
11.73	11.44
8.12	8
55.67	52.8
6.9	6.72
21.45	20.65
3.23	3.2
26.7	25.3
141.57	135.6
3.76	3.61
9.85	9.57
48.49	45.97
8.26	8.05
12.43	11.85
16.93	15.33
34.9	33.87
6.52	6.32
11.43	11.21
33.93	33.35
15.37	14.33
9.76	9.42
1.77	1.72
12.95	12.57
7.57	7.44
2.61	2.56
22.95	22.53
16.68	15.22
24.65	23.79
5.29	5.21
3.59	3.54
15.96	15.71
3.4	3.32
14.48	14.26
57.54	55.9
9.9	9.58
4.25	4.17
87.67	79.63
15.8	15
16.24	15.91
63.5	59.51
21.2	20.72
37.62	36.55
1.33	1.28
11.23	10.85
12.47	12.23
46.16	44.11
17.5	16.9
17.48	17.06
30.23	26.45
18.29	17.88
7.7	7.42
11.03	10.85
46.76	44.99
5.64	5.46
19.77	19.41
6.15	6.01
9.83	9.69
25.65	24.98
52.3	49.11
9.44	9.28
8.59	8.25
65.6	63.33
38.36	36.95
3.53	3.49
167.68	164.63
15.6	15.15
8.9	8.61
6.53	6.41
28.46	26.12
11.86	11.72
9.64	9.37
25.16	24.81
12.23	11.6
6.69	6.1
3.16	3.12
17.09	16.78
33.4	32.18
21.77	21.09
6.53	6.48
304.01	285
11.48	11.34
15.97	15.18
5.58	5.4
17.27	16.67
21.59	21.22
3.38	3.28
21.09	20.49
13.47	12.92
115	110
25.27	23.83
12.22	12
3.88	3.73
2.52	2.34
154.5	139.82
18.09	17.7
4.67	4.55
14.57	14.16
6.03	5.89
8.55	8.38
9.26	9.11
26.72	26.08
10.85	10.4
23.92	23.44
3.39	3.34
13.54	13.22
4.2	4.11
5.57	5.41
25.69	25.02
3.18	3.12
5.67	5.58
3.95	3.65
5.26	5.17
27.2	26.16
4.36	4.31
6.94	6.76
17.26	16.47
5.14	5.06
40.99	40.5
55.48	53.01
4.88	4.82
7.41	7.24
33.69	32.89
11.39	11.21
6.69	6.63
20.15	19.9
23.14	21.75
24	23.45
11.32	11.06
12.27	11.8
5.25	5.17
0.55	0.55
19.57	19.1
7.99	7.8
3.84	3.74
8.2	8.1
43.67	42.44
81.37	78.68
6.85	6.56
9.13	8.99
74.49	72.73
8.36	7.85
24.08	23.43
16.12	15.86
138.24	135.06
19.06	18.88
31.41	29.15
17.78	17.27
6.07	5.95
9.84	9.31
8.64	8.49
17.44	15.21
6.87	6.78
14.93	14.31
79.5	78.21
8.48	8.07
24.06	23.5
12.3	11.92
71.83	68.01
14	13.3
3.56	3.45
36.34	35.55
50.84	49.65
34.1	32.93
10.09	9.82
27.37	26.87
8.48	8.33
29.48	28.35
66.61	64.2
21.91	21.26
69.05	65.53
24.81	23.6
28.77	28.25
5.56	5.46
7.7	7.42
38.95	37.11
13.06	12.73
18.23	18.06
17.19	16.4
13.1	12.51
17.16	16.75
16.3	16.06
58.68	56.81
5.22	5.15
6.13	5.93
21.44	20.36
3.35	3.32
5.65	5.51
57.2	54.02
15.51	15.29
48.78	46.36
10.6	10.44
28.68	27.56
23.66	22.33
58.59	57.45
88.51	85.1
16.05	15.68
17.97	16.72
11.45	11.32
12.73	12.5
5.48	5.42
33.52	32.83
29.55	28.6
9.34	9.23
24.85	24.4
51.41	48.52
20.81	19.77
52.88	49.97
15.06	14.7
27.87	25
4.03	4
4.19	4.1
2.85	2.78
164.94	161.02
13.39	13.09
20.05	19.7
15.35	14.69
21.85	21.44
20.2	19.83
19.98	19.41
23.55	22.87
5.43	5.36
4.66	4.45
37.56	36.3
28.49	27.11
2.8	2.75
14.25	13.91
42.1	40.47
16.11	15.4
10.83	10.56
4.94	4.83
39.95	38.58
4.12	4.09
6.93	6.77
7.71	7.53
4.39	4.32
1.93	1.8
14.19	12.07
14.11	13.75
17.25	16.92
8.6	8.47
22.82	22.2
56.82	53.24
2.39	2.34
10.58	10.23
25.62	25.01
10.1	9.9
6.13	5.97
8.65	8.28
8.6	7.98
50.54	47.5
26.07	24.81
15.54	15.11
37.2	36.4
7.99	7.83
28.12	27.22
9.96	9.76
5.62	5.57
9.55	9.35
28.21	27.25
9.51	9.27
3.08	2.95
11.1	10.76
9.44	9.27
64.18	60.5
9.96	9.76
45.69	44.41
12.93	12.37
23.35	22.17
7.57	7.41
4.7	4.58
36.34	35.36
7.49	7.27
13.99	13.6
14.99	13.56
10.23	10.08
50.6	49.02
29.37	28.3
10.93	10.8
25.8	24.96
1.59	1.55
81.5	75.5
7.14	7.02
3.01	2.95
115.99	110.6
40.85	39.64
18.71	18.42
24.95	24.33
13.64	13.21
6.62	5.96
11.76	11.56
17.79	17.05
3.61	3.57
6.88	6.66
9.27	9.15
7.22	6.99
7.56	7.44
3.61	3.58
5.74	5.62
2.2	2.14
3.73	3.62
12.78	12.2
14.74	14.44
8.98	8.81
2.12	2.09
29.53	28.36
12.94	12.45
6.43	6.25
17.58	17.28
8.6	8.38
95.23	89.13
31.5	30.45
8.66	8.41
2.55	2.52
9.93	9.81
11.27	11.03
15.74	15.55
8.96	8.81
1.3	1.24
14.1	13.75
30.66	29.31
72.5	70.39
98.98	95.41
1.78	1.69
33.46	31.97
4.15	4.09
11.79	11.35
6.11	5.99
3.23	3.18
30.04	29.34
18.41	18.1
7.24	6.98
29.29	28.23
40.61	39.03
8	7.78
38.49	37.63
7.8	7.22
29.63	29.21
10.78	10.17
5.53	5.43
11.32	11.19
24.69	24.05
14.57	14.05
31.48	30.41
12.39	12.21
13.55	13.04
33.38	32.76
4.91	4.75
9.83	9.65
39.99	38.41
96.48	93.75
8.09	7.55
16.54	16.05
3.63	3.59
14.62	14.21
6.74	6.63
6.81	6.71
24.39	24.14
4.87	4.81
6.1	5.98
15.9	15.37
9.2	8.95
24.2	23.6
18.15	17.63
15.08	14.4
13.9	13.4
3.29	3.16
3.85	3.82
7.8	7.67
31.78	29.34
12.06	11.5
76.31	74.8
19.11	18.41
5.45	5.36
10.55	10.35
10.25	9.91
4.93	4.84
255.8	245.5
9.8	9.52
13.49	13.13
10.52	10.04
22.02	21.49
5.22	5.15
9.96	9.81
3.66	3.61
3.74	3.68
9.58	9.38
14.79	14.39
36.6	31.6
11.04	10.86
3.8	3.76
35.78	35.32
18.63	18.01
11.76	11.6
2.6	2.55
6.94	6.89
45.65	45.16
31.64	31.12
39.49	38.42
21.14	20.57
50	47.29
36.95	34.54
5.55	5.43
10.53	10.27
12.25	12
4.38	4.33
8.15	7.62
6.02	5.96
15.97	14.85
16.56	15.88
39.21	38.38
7.21	6.99
26.1	24.61
29.01	28.08
37.32	35.56
42.56	41.68
18.5	18.1
5.41	5.34
13.85	13.6
23.12	22.5
19.76	18.98
6.41	6.09
27.46	26.86
200.99	192.01
27.76	27
5.45	5.32
26.87	25.77
20.84	20.1
34.66	34.22
6.64	6.51
8.54	8.39
15.14	14.04
25.26	23.97
7.19	7.06
5.89	5.83
5.35	5.32
7.59	7.33
15.54	15.25
22.32	21.92
20.59	20.23
75.67	71.01
15.13	14.93
14.53	14.28
15.47	15.1
12.18	11.88
5.92	5.42
51.01	49.86
37.54	36.61
15.23	14.72
19.62	18.41
47.77	46.71
25.68	25.25
4.68	4.61
19.37	17.63
56.25	54.11
4.92	4.87
9.3	9.05
11.24	10.92
22.54	22.12
2.57	2.5
24.1	22.94
9.32	9.08
25.37	24.96
13.35	13.06
104.93	96.03
31.7	30.57
18.35	17.8
3.39	3.34
11.29	10.95
45.62	43.17
4.63	4.46
16.9	16.2
44.75	41.9
21.56	21.25
42.85	40.5
11.06	10.68
76.7	74.29
19.79	18.21
16.17	15.92
50.1	49.12
17.15	16.89
2.8	2.76
53.08	50.2
75.69	72.78
5.62	5.52
53.15	50.81
20.25	19.7
5.6	5.28
15.2	14.18
18.15	17.29
4.96	4.92
22.55	21.9
152.48	139.86
12.02	11.75
226.22	212.89
30.6	29.63
12.97	12.76
62.39	60.79
34.8	32.71
7.93	7.78
4.48	4.37
34.09	32.85
27.73	26.63
36.58	35.61
7.92	7.73
1.39	1.31
14.58	14.3
20.76	20.45
3.87	3.8
29.02	27.66
2.69	2.53
7.88	7.71
4.04	3.97
24.26	23.55
6.89	6.78
28.54	28.22
16.33	15.11
5.44	5.36
2.65	2.61
12.19	11.67
15.95	15.35
21.09	20.7
27.69	26.55
5.86	5.79
20.12	19.84
15.6	15.37
4	3.95
19.08	18.8
2.51	2.48
43.49	41.42
1.92	1.82
17.71	17.35
55	53.22
2.54	2.46
8.04	7.54
32.45	31.43
43.6	40.11
55.73	54.26
50.3	48.58
36.9	33.4
14.01	12.81
12.31	11.96
8.17	8.06
98.29	93.68
4.13	4.09
7.38	7.29
17.22	16.65
32.6	30.01
40	38.45
36.42	35.8
42.9	42.07
7.43	7.32
20.47	19.99
14.76	14.13
8.76	8.43
16.39	16.04
2.95	2.88
35.3	33.74
11.97	11.85
3.32	3.21
3.21	3.14
6.68	6.49
23.16	22.65
53.82	52.9
7.06	6.91
26.3	25.73
10.56	10.12
13.35	12.82
96	91.04
31.4	30.59
13.27	13.11
82.52	80.25
25.25	24.83
19.5	19.01
15.74	14.92
13.56	13.21
15.15	14.62
29.3	27.25
6.7	6.54
16.72	16.48
7.46	7.39
2.55	2.53
23.49	23.24
40.07	39.21
4.59	4.54
37.15	36.39
15.12	14.4
12.4	12.26
20.81	20.37
8.65	8.36
8.09	7.95
44.28	43.3
2.96	2.9
59.93	58.25
25.34	24.45
23.34	22.61
9.53	9.26
55.96	54.1
12.82	12.51
10.77	10.63
7.15	7.03
42.1	41.31
34.9	34.43
15.45	14.3
4.52	4.43
67.35	66.25
8.24	8.04
7.88	7.65
29.25	28.12
32.03	30.32
6.86	6.76
120.78	112.63
20.77	20.25
10.05	9.87
30.57	28.71
14.2	14.02
7.91	7.78
12.64	12.29
5.95	5.8
6.63	6.44
1.94	1.89
41.8	40.87
22.37	21.75
16.63	15.97
25.77	24.56
46.95	45.9
8.49	8.3
23.38	22.95
6.15	6.11
82.25	78.27
7	6.88
6.5	6.25
12.41	12.28
34.2	33.38
3.86	3.79
3.62	3.53
32.45	31.53
16.37	15.8
10.28	10.14
12.94	12.63
19.44	18.78
15.5	15.2
16.56	16.07
5.33	5.21
21.19	20.91
16.79	16.5
9.47	9.25
4.2	4.12
41.96	40.8
10.72	10.54
36.62	35.9
7.04	6.78
62.99	59.52
22.31	21.96
17.89	17.4
29.17	26.32
67.22	64.4
13.74	13.05
38.77	36.66
39.6	38.8
30.88	30.38
6.95	6.8
9.57	9.42
22.59	22.05
109.64	106
8.29	8.03
15.85	15.43
6.21	6.08
7.66	7.47
9.25	8.7
45.9	44.21
6.53	6.46
8.17	8.08
9.56	9.31
28.08	27.7
17.23	16.9
16.98	16.37
16.33	15.92
16.25	16.01
11.99	11.86
7.57	7.49
21.83	21.18
8.06	7.99
4.29	4.23
1.6	1.56
80.37	75.82
23.55	23.05
88	85.16
12.68	12.5
11.79	11.3
18.06	17.83
15.53	15.04
7.03	6.93
17.78	17.22
5.21	5.06
7.54	7.43
24.06	23.5
31.9	29.5
2.41	2.39
15.81	15.38
52.8	50.9
0.47	0.43
7.17	6.93
5.38	5.22
15.08	14.74
5.89	5.8
4.87	4.79
32.38	31.77
12.24	11.95
2.74	2.7
13.93	13.55
15.55	15.06
22.52	21.2
14.6	14.32
11.77	11.54
72.5	70
151.51	146.02
9.94	9.8
5.08	4.95
8.86	8.7
19.56	18.73
19.42	18.7
7.65	7.49
4.11	4.07
26.33	25.88
54.35	49.41
28.25	27.03
4.22	4.17
3.78	3.72
12.38	12.1
101.25	98.28
14.53	14.35
12.58	12.24
5.33	5.24
16.03	15.67
28.69	28
5.27	5.15
79.3	77.23
11.68	11.33
4.38	4.32
12.59	11.93
8.04	7.92
52.12	50.68
4.21	4.14
11.8	11.24
41.86	40.5
10.25	10.15
9.74	9.5
3.44	3.23
4.2	4.08
20.59	20.13
12.19	11.7
66.03	59.88
9.74	9.55
8.21	8.11
4.08	4.01
3.76	3.68
38.64	37.95
20.34	19.96
9.36	8.92
27.8	27.05
46.1	45.1
14.43	14.22
3.05	2.98
23.71	22.79
9.45	9
17.35	16.74
4.01	3.87
43.35	41.87
5.69	5.62
269.42	253
8.37	8.19
13.36	12.86
6.67	6.49
7.33	7.09
12.48	12.07
22.26	21.88
12	11.55
13.68	13.36
27.99	27.28
25.38	24.91
22.75	22.1
24.77	23.24
74.97	72.51
9.26	9.13
19.05	18
24.58	23.58
16.15	15.93
24.09	23.73
5.98	5.75
11.73	11.5
3.65	3.6
1.06	0.99
18.24	18.1
32.2	30.5
65.56	63.2
7.46	7.28
4.11	3.96
19	18.46
11.15	10.97
12.56	12.3
23.2	22.18
7.77	7.68
10.5	9.95
38.94	37.03
18.03	17.53
1.87	1.85
35.85	35.51
47.38	45.05
11.32	11.01
30.88	30.13
4.94	4.88
5.7	5.62
6.71	6.61
6.09	5.98
12.63	12.18
9.3	8.78
47.17	44.01
110.25	104.02
13.08	12.87
31.1	29.88
23.4	21.54
34.29	33.7
25.09	24.02
7.54	7.21
11.12	10.76
14.49	14.25
13.15	12.95
50.01	45.7
10.47	10.26
4.8	4.75
9.66	9.56
9	8.75
3.12	3.06
18.47	18.29
27.25	26.2
40.88	40.18
11.68	11.42
7.99	7.85
49.28	46.02
3.57	3.48
43.89	42.9
6.86	6.63
13.27	12.94
4.95	4.89
12.53	12.29
15.13	14.72
8.15	7.99
9.84	9.73
12.69	12.33
91.73	90.45
10.52	10.35
20.36	20.09
0.97	0.97
9.3	9.07
8.79	8.67
10.42	10.25
178.48	159.51
24.44	24.09
23.44	22.73
8.46	8.26
20.57	19.98
17.57	16.96
5.89	5.8
31.26	30.66
4.46	4.34
5.44	5.19
9.34	9.23
2.54	2.48
7.93	7.82
33.34	32.63
22.24	21.89
16.29	16.04
8.95	8.78
14.72	14.45
10.41	10.24
25.5	23.11
96.48	94.1
4.92	4.75
54.72	53.35
13.18	12.96
30.8	27.27
15.06	14.23
17.83	17.15
7.89	7.73
3.37	3.33
14	13.58
12.34	12.02
5.66	5.52
31.3	30.16
51.49	50.58
6.15	5.52
107.9	100
12.9	12.46
5.19	5.01
12.53	12.21
37.2	36.21
2.52	2.46
6.95	6.87
4.25	4.18
3.62	3.56
6.55	6.44
10.55	10.33
9.08	8.93
59.19	57.07
10.94	10.81
10.5	10.28
77.86	75.4
178	171.75
12.17	11.76
39.78	39.05
11.95	9.81
15.78	15.38
46.2	43.85
6.22	6.11
11.73	11.55
77.15	75.21
73.21	71.01
57.13	53.57
9.91	9.76
14.33	13.97
8.59	8.35
5.37	5.31
19.88	19.01
33.03	31.3
6.51	6.24
6.25	6.16
12.99	12.28
8.16	8.1
5.07	5.04
17.11	16.8
5.88	5.72
7.85	7.66
9.78	9.48
34.11	33.58
6.07	6
15.06	14.37
16.09	15.83
8.23	8.08
14.3	13.88
25.4	24.85
13.79	13.1
21.55	20.93
85	83.58
6.7	6.56
9.73	9.58
30.04	29.47
18.24	17.68
35.66	34.14
10.34	10.13
7.75	7.47
17.3	17.03
5.02	4.65
14.87	14.45
9.31	9.08
32.02	31.27
160	150.3
3.43	3.25
2.64	2.59
17.67	16.61
2.8	2.75
15.54	15.06
11.56	11.36
31.39	30.69
11.41	11.14
59.38	52.51
25.98	25.16
11.2	10.9
5.33	5.25
19.02	18.66
24.14	23.56
12.79	12.6
20.79	20.1
2.58	2.36
23.43	23.07
3.73	3.67
8.18	7.98
15.29	15.1
10.63	10.48
38.04	37.12
15.35	15.1
6.47	6.24
38.88	37.93
71.6	68.72
22.5	22.04
12.16	11.9
14.9	14.67
14.42	14.15
8.72	8.62
17.48	17.15
56.5	53.88
7.18	7.05
4.25	4.12
3.78	3.71
44.98	41.83
8	7.9
10.7	10.2
8.33	8.14
10.33	10
6.68	6.58
5.69	5.5
40.2	38.68
6.93	6.82
2.15	2.07
6.75	6.65
8.26	7.68
24.89	24.24
26.98	26.26
13	12.59
4.22	4.07
7.86	7.78
19	18.25
12.02	11.51
19.09	18.7
12.72	12.23
49.43	48.7
24.2	22.5
56.3	55.06
15.3	14.96
6.44	6.12
6.85	6.76
9.36	8.55
5.59	5.52
32.44	31.65
16.59	16.31
211.96	205
11.25	10.95
8.18	8.01
16.45	16.04
67.16	65.16
12.68	12.37
36.82	35.76
6.02	5.81
19.44	19.1
46.56	45.79
5.39	5.3
30.35	29.68
8.13	8.04
9.79	9.47
2.11	2.01
8.68	8.48
27.99	27.08
43.76	43.06
10.5	10.15
13.86	13.52
51.79	50.86
31.56	31.25
9.56	9.42
3.02	2.89
7.97	7.73
35.18	33.91
110.19	106.5
5.43	5.17
26.52	23.42
91.7	88.54
255.3	242.66
43.72	40.8
11.22	10.67
3.85	3.79
34.68	30.58
5.81	5.63
16.51	16.29
13.38	13.2
7.53	7.06
23.31	23.08
2.89	2.82
22.93	22.16
12.7	11.92
14.27	13.9
24.55	23.17
15.65	15.26
8.28	8.18
5.47	5.22
26.15	24.76
31.65	29.6
51.83	50.81
12.08	11.81
19.84	18.1
46.66	45.48
10.28	9.57
16.51	14.92
10.7	10.47
11.04	10.78
16.94	16.32
107.3	98.8
4.22	4.14
17.53	17.13
12.87	12.69
9.43	9.21
5.35	5.26
15.44	15.18
44.86	43.11
4.59	4.5
5.12	5.03
17.13	16.58
4.26	4.11
32.49	31.85
2.83	2.79
7.85	7.68
2.32	2.26
16.09	15.49
27.07	26.61
6.71	6.53
4.53	4.26
12.58	12.14
27	25.88
12.95	12.72
16.98	16.38
11.58	10.7
4.58	4.33
17.88	17.37
78.7	76.67
11.88	10.99
5.07	4.95
10.92	10.74
41.88	40.8
6.63	6.55
18.57	17.62
3.3	3.23
47.28	46.15
9.66	9.49
9.31	8.71
22.87	21.75
18.14	17.56
13.92	13.38
4.03	3.93
60.5	58.9
7.15	7.02
38.3	37.17
22	21.72
9.17	8.41
31.49	29.8
8.94	8.62
9.6	9.37
30.35	28.6
8.54	8.41
13.74	13.53
32.33	32.03
12.29	12.16
7.71	7.59
2.97	2.92
5.73	5.66
6.2	6.08
2.86	2.8
10.88	10.73
11.7	11.35
17.87	17.41
18.76	18.2
13.39	13.01
10.45	10.2
64	61.8
54.89	52.21
18.41	17.42
34.87	33.48
9.67	9.37
68.5	65.5
6.1	5.93
68.34	66.57
4.78	4.65
15.74	15.36
4.64	4.51
34.06	33.23
47.88	46.52
2.05	1.97
4.14	4.07
14.23	14.06
29.21	27.58
7.48	7.26
3.15	3.04
6.7	6.62
56.41	55.26
30.5	29.91
3.13	3.09
7.83	7.63
6.66	6.56
4.66	4.52
22.18	21.35
12.64	12.52
3.73	3.68
505.51	474
5.46	5.37
57.1	55.02
22.3	20.95
38.77	36.94
100.5	95.38
7.94	7.8
30.09	29.67
1.72	1.72
61	55.68
10.17	9.72
8.26	7.98
27.96	27.33
37.23	36.05
6.94	6.86
8.64	8.52
16.46	15.94
9.68	8.61
23.53	22.86
19.65	19.33
2.64	2.59
4.46	4.36
3.46	3.41
44.6	37.86
31.34	30.15
5.9	5.78
12.13	11.84
4.08	4.03
8.41	8.23
24.98	23.4
4.9	4.81
61.07	57.6
19.47	18.51
4.15	4.02
3.4	3.3
10.43	10.27
3.43	3.36
6.84	6.77
3.28	3.24
22.8	21.88
26.28	25.1
14.18	13.92
18.06	17.54
7.7	7.35
9.93	9.6
19.55	19.06
9.57	9.32
13.85	13.45
10.69	10.47
3.27	3.23
26.5	25.13
35.66	34.7
22.11	21.55
36.4	35.72
20.39	19.85
40.44	38.98
5.54	5.49
11.85	11.4
17.66	17.1
9.36	9.22
22.84	22.49
11.96	11.61
61.85	59.6
6.72	6.54
26.83	25.01
3.85	3.79
1.45	1.42
10.46	10.19
17.15	15.45
3.96	3.81
15.21	15.06
2.7	2.63
20.34	19.65
32.45	31.05
8.63	8.31
3.91	3.78
183.57	172.55
39.29	38.19
24.17	22.53
14.56	13.85
7.97	7.78
12.01	11.65
37.3	36.41
3.96	3.93
6.97	6.71
34.44	33
157.5	150.01
16.67	16.13
29.69	28.4
5.63	5.52
6.23	6.11
10.27	10.1
13.1	12.16
12.86	12.46
13.02	12.81
7.82	7.63
3.03	2.96
19.78	18.72
25.52	24.81
5.75	5.64
10.83	10.46
16.6	16.22
23.34	22.72
24.93	23.25
15.3	14.44
2.51	2.44
5.08	4.98
4.92	4.86
5.54	5.4
34.1	32.2
82.48	80.04
23.97	23.46
8.6	8.51
15.43	13.71
24.26	23.83
5.68	5.44
15.45	15.12
36.11	35.47
13.95	13.59
23.27	22.51
131.39	124.5
7.74	7.17
15.7	15.43
5.77	5.68
24.15	23.68
87.27	82.7
41	40.01
38.38	36.96
121.8	114.96
83.8	80.63
8.6	8.38
12.6	12.27
42.41	37.9
15.8	15.32
53.93	52.62
7.63	7.52
24.17	23.4
21.26	20.36
24.34	23.93
17.59	17.19
6.41	6.23
3.48	3.42
14.34	14.12
5.64	5.55
6.37	6.23
29.3	27.58
4.03	3.92
32.28	30.98
44.18	42.68
61.86	60.1
13.23	13.02
5.38	5.26
10.81	10.72
12.23	11.95
13.12	12.9
24.76	24.38
13.49	12.56
105.63	103.2
88.26	85.8
32.57	31.88
21.47	20.75
67.9	65.5
41.67	39.48
25.5	24.28
9.98	9.82
21.26	19.09
21.05	20.63
17.63	17.12
21.2	19.99
37.38	37.1
2.33	2.3
7.63	7.12
15.15	14.98
2.56	2.5
2.94	2.87
25.25	24.25
35.86	33.26
21.67	21.48
46.86	45.6
9.83	9.51
17.39	16.85
13.5	12.56
18.97	18.19
7.44	7.21
6.31	6.26
1.69	1.65
8.99	8.87
64.49	61.23
18.99	18.63
0.87	0.86
108.86	105.83
12.56	12.15
32.45	31.65
13.88	13.64
57.6	55.3
10.17	9.34
4.86	4.8
13.74	13.53
3.85	3.68
13.55	13.21
14.17	13.99
69.78	67.67
18.65	17.9
3.09	2.96
25.34	24.5
51.89	50.3
3.69	3.64
50.45	49.61
8.19	8.04
4.52	4.36
7.05	6.92
2.89	2.85
32.43	31
3.7	3.67
7.43	7.32
41.18	40.33
23.15	22.52
16.14	15.78
9.38	9.19
51.2	49.31
7.28	7.05
34.18	33.03
11.86	11.58
109.98	107.3
7.2	7.04
11.85	11.74
13.25	13.05
18.03	17.7
12.31	12.11
15.22	14.93
28.98	27.47
54.46	52.96
56.03	54.5
10.51	10.21
5.42	5.35
35.45	33.37
16.1	15.73
25.89	24.76
10.66	10.28
10.9	10.45
30.8	29.58
7.7	7.59
18.74	18.13
16.58	15.59
5.67	5.17
33.89	32.62
13.88	13.4
21.6	21.24
26.4	24.68
2.35	2.33
5.38	5.26
4.92	4.85
20.85	20
20.18	19.78
2.93	2.9
18.84	17.68
35.8	34.2
18.88	18.22
8.87	8.75
24.38	23.48
12	11.82
5.27	4.96
68.8	64.05
4.68	4.63
13.39	13
12.4	12.18
8.49	8.27
70.37	66.35
3.47	3.37
30.57	30.38
9.25	9.1
3.97	3.91
6.02	5.96
5.39	5.32
4.37	4.3
5.37	5.29
48.68	46.12
7.35	7.13
6.56	6.34
0.43	0.43
6.53	6.43
82	79.8
6.04	6
62.57	61.65
13.32	13
3.62	3.53
5.61	5.55
8.95	8.83
14.26	13.91
51.8	49.88
15.29	15.02
25.97	25.13
33.78	31.91
19.39	18.4
14.76	14.5
53.5	51.08
29.31	28.5
21.73	21
27.32	26.19
3.78	3.66
11.86	11
11.35	9.85
99.99	97.5
34.48	33.08
5.19	5.14
9.32	9.09
32.81	31.7
12.18	11.88
39.06	38.43
4.05	4
48.34	47.17
9.06	8.72
25	23.95
18.72	17.62
9.67	9.45
27.25	26.46
7.35	7.23
6.45	6.37
40.56	39.58
36.86	36.07
42.44	41.66
4.49	4.39
84.45	82.28
33.29	29.96
55.28	49.77
12.11	11.83
46.73	44.5
7.26	7.02
28.18	27.42
31.3	29.76
5.98	5.8
9.78	9.37
5.84	5.63
4.14	4.03
31.62	30.95
19.11	18.56
7.14	6.89
32.79	32.4
14.27	13.81
29.6	28.83
3.95	3.9
7.03	6.94
17.87	17.56
6.41	6.26
21.1	19.19
6.45	6.37
18.28	17.9
17.76	17.55
17.39	17.11
8.8	8.67
6.67	6.58
53.88	52.14
26.8	25.75
8.35	8.12
4.11	4.03
5.02	4.95
2.89	2.84
10.05	9.85
6.21	6.15
10.57	10.47
16.87	16.5
5.43	5.35
2.82	2.69
5.34	5.21
11.05	10.56
21.67	20.97
122	116
8.16	8
5.63	5.57
9.33	9.2
12.1	11.81
23.99	23.66
14.25	13.68
4.83	4.78
6.75	6.55
4.62	4.53
19.25	19.02
22.6	22.13
29.2	27.28
130.32	125.9
4.68	4.59
14.68	13.69
19.15	18.7
6.04	5.98
51.83	50.3
2.33	2.3
5.07	4.9
19.76	19.5
10.66	10.32
138.18	134.71
7.14	7.06
19.26	18.44
6.5	6.31
3.24	3.19
27.7	26.5
5.58	5.21
3.26	3.23
25.65	24.67
23.85	23.45
23.41	22.85
18.52	17.58
13.93	13.32
9.03	8.65
5.02	4.94
12.53	12.32
9.68	9.1
17.98	17.67
5.84	5.7
37.9	37.22
27.25	26.86
9.55	9.29
25.83	25.05
45.35	42.27
17.18	16.3
53.87	51.35
38.63	37.93
23.79	23.27
15.5	15.12
3.25	3.21
9.19	9.06
14.65	14.34
8.19	8.08
39.85	37.81
4.23	4.19
8.42	8.26
7.76	7.38
26.79	26.35
8.2	7.96
17.28	16.79
7.86	7.73
14.85	14.33
32.95	31.85
6.79	6.71
4.88	4.76
23.78	23
4.99	4.92
14.37	13.16
12.19	12.07
31.75	30.98
8.96	8.57
23.8	23.2
99.71	97.58
11.88	11.75
26.04	25.31
6.25	5.8
13.66	13.1
7.54	7.42
24.66	24.45
4.73	4.63
32.83	32.23
6.23	6.11
38.8	37.36
8.64	8.14
33.62	32.67
28.8	28.21
6.88	6.61
67.84	65.6
3.8	3.7
9.34	9.1
1.9	1.85
52.26	50.45
41.77	39.76
3.86	3.7
3.17	3.13
37.6	36.59
7	6.92
14.45	14.27
4.74	4.7
16.48	16.01
5.89	5.83
19.03	18.72
24.44	23.61
13.62	13.35
1.63	1.61
95.7	93.3
24.03	23.67
259.06	251.67
140	132.2
84.95	78.6
5	4.92
9.56	9.43
35.87	33.38
3.75	3.62
15.78	15.54
15.86	15.45
18.15	17.57
5.48	5.37
12.94	12.78
64.5	62.55
30.46	29.6
34.37	33.38
61.38	60.51
76.83	73
10.03	9.86
26.05	25.29
9.21	9.11
17.78	17.52
29.8	29.53
12.89	12.69
1	0.9
8.14	7.97
8.05	7.79
21.27	20.88
6.93	6.81
35.8	34.18
8.63	8.51
8.75	8.61
14.97	14.18
16.5	16.11
6.5	6.36
4.92	4.87
2.97	2.92
7.51	7.42
6.24	6.06
25.28	24.7
2.86	2.77
34.2	32.58
94.47	87.23
6.44	6.35
4.72	4.57
7.28	7.15
11.1	10.71
2.65	2.61
5.2	5.11
8.77	8.61
3.25	3.12
2.64	2.6
3.04	2.96
56.56	55
15.62	14.76
3.41	3.39
16.29	15.75
128.5	124.18
10	9.66
10.49	10.04
31.05	30.51
13.66	13.46
251	239.22
4.65	4.61
36.23	33.8
27.42	25.31
19.4	19.17
24.42	24
14.1	13.93
13.94	13.53
15.56	15.28
16.02	15.83
8.81	8.55
82.78	78.8
18.85	18.06
79.66	75.86
13.55	13.17
70	62.09
22.28	21.34
7.74	7.64
6.33	5.95
14.32	13.96
14.58	14.32
24.76	24.1
2.77	2.74
4.29	4.08
181.9	165
6.15	6.04
23.87	22.95
63.22	61.05
4.75	4.38
13.04	12.58
4.68	4.5
216.13	210.28
6.77	6.65
11.35	11.16
3.44	3.42
0.52	0.52
4.55	4.48
17.39	16.52
41.9	40.84
19.16	18.94
2.6	2.47
7.08	6.93
3.14	2.97
51.67	49.92
26.72	26.25
59.66	58.16
2.06	2.04
19.8	19.38
53.5	50.94
19.45	19.18
23.06	22.49
54.14	52.95
42.87	40.3
16.9	16.5
5.48	5.36
21.28	20.65
24.02	23.56
14.4	14.21
6.93	6.81
34.32	33.6
14.58	14.25
13.98	13.61
61.58	58.67
36.88	33.86
7.64	7.56
38.17	37.22
116.89	109.98
10.74	10.54
27.9	27.21
7.92	7.8
22.6	22.35
15.59	14.32
17.16	16.66
22.79	22.27
2.73	2.67
25.95	25.45
32.34	31.68
4.72	4.61
39.88	37.38
9.12	8.96
5.97	5.72
56.72	55.1
7.63	7.46
5.58	5.56
63.38	60.4
20.1	19.56
7.66	7.54
26.06	25.28
18.74	18
1.86	1.77
10.26	10.07
7.96	7.63
5.05	5
39.35	37.51
1.6	1.56
6.6	6.51
30.5	29.54
5.4	5.18
7.15	7.06
10.42	10.22
19.48	19.13
9.8	9.64
4.19	4.14
462	432.02
112	105
6.73	6.25
11.28	11.1
518.33	493.51
16.66	16.2
17.88	16.62
7.08	6.78
5.59	5.47
26.98	25.89
2.84	2.8
12.49	11.67
38.1	37.28
3.35	3.28
11.06	10.75
10.77	10.55
31.9	31.16
40.59	39.33
17.08	16.66
22.88	22.03
21.77	20.1
18.34	18.18
42.35	41
13.93	13.69
9.16	9.07
3.2	3.14
12.26	11.82
6.92	6.85
8.35	8.28
8.87	8.74
5.18	5.11
13.99	13.72
113.81	106.67
33.43	32.45
4.69	4.62
28.24	27.75
104.98	101.81
10.17	10.01
14.81	14.43
26.08	25.2
12.21	11.98
8.85	8.75
27.16	26.67
16.62	16.42
29.45	28.52
141	132
7.13	7
5.63	5.56
54.97	53.29
9.68	9.46
1.78	1.75
17.49	17
10.6	10.32
6.23	6.06
11.19	10.54
7.14	6.84
7.94	7.86
25.61	24.73
6.1	5.95
25.5	23
99.66	97.25
21.97	20
12.82	12.63
2.1	2.04
5.24	5.15
9.62	9.47
10.3	10.17
10.8	10.5
32.65	31.6
2.37	2.35
9.95	9.65
7.58	7.42
50.38	49.2
5.86	5.67
16.69	16.24
11.7	11.52
3.89	3.83
131.25	127.1
49.68	47.05
39.5	38.26
8.48	8.35
18.62	18.4
6.73	6.59
11.95	11.78
7.9	7.66
4.62	4.48
33.37	32.52
11.31	11.03
5.11	4.95
9.64	9.15
10.45	9.62
7.14	6.9
97.44	92.35
5.67	5.49
50.5	49.11
19.37	19.07
14.83	14.55
31.94	30.9
107	101.64
24.65	24.1
3.04	2.97
5.81	5.65
14.62	14.15
41.8	38.94
9.77	9.61
5.39	5.28
67.89	65.1
4.31	4.26
71.83	70.2
6.9	6.77
8.46	8.38
8.98	8.67
7.27	7.1
4.78	4.72
17.19	16.47
5.15	5.06
21.36	20.61
13.39	13.15
51.96	50.18
42.29	40.93
50.68	49.65
15.42	14.79
86.73	84
185.5	174.57
6.27	6.18
9.4	9.24
16.83	16.36
28.75	27.29
1.96	1.92
4.01	3.93
7.96	7.85
17.75	16.95
22.47	22.21
36.73	34.53
23.19	22.58
23.6	22.77
77.06	74.14
8.62	8.41
9.08	8.86
55.96	55.14
14.33	14.08
4.21	4.11
20.35	19.22
6.29	6.19
6.58	6.48
23.98	23.72
56.04	55.02
59.96	59.07
2.29	2.27
7.36	7.26
17.78	17.4
54.1	51.52
70.77	66.35
23.25	22.3
20.42	18.57
27.79	26.9
14.84	14.56
42.76	41.35
11.05	10.89
67.29	64
40.78	39.01
4.45	4.4
51.66	46.6
0.48	0.48
4.11	4.02
203.94	199.2
12.44	12.18
5.3	5.22
13.65	13.46
10.08	10.01
25.82	25.3
16.28	16.07
68.08	65.51
3.72	3.58
3.07	3.04
9.81	9.36
4.75	4.65
9.67	9.55
7.8	7.02
52.45	51.27
86.58	83.57
11.28	11.07
82.86	80
25.25	24.77
19.06	18.68
13.84	13.28
4.92	4.78
14.22	13.06
10.58	10.28
35.7	34
76.96	71.48
52.96	51.3
6.07	6.02
5.7	5.3
20	19.62
2.39	2.36
40.62	38.5
6.32	6.22
94.94	91.68
16.23	15.9
10.35	9.98
28.8	27.92
94.13	86.5
12.95	12.66
25.13	24.68
10.97	10.76
6.77	6.49
9.21	9.12
6.94	6.87
9.58	9.19
15.24	15.03
37.61	36.66
185.53	174
13.75	13.55
14.08	13.09
35.94	34.8
63.81	58.67
5.67	5.39
9.51	9.38
10.68	10.42
24.12	23.68
7.48	7.39
2.06	1.96
7.82	7.52
7.25	7.17
24.16	21.38
11.07	10.9
5.32	5.25
19.85	19.58
7.46	7.27
6.35	6.15
20.78	20
9.35	9.21
7.56	7.51
10.27	10.12
7.09	7.05
28.51	26.6
17.08	16.63
4.62	4.54
14.12	13.89
5.49	5.43
3.03	2.99
7.39	7.35
8.51	8.35
4.21	4.14
72.43	68.4
6.5	6.37
9.03	8.8
6.11	6.06
8.58	8.36
7.37	7.24
5.41	5.28
7.03	6.95
6.84	6.77
20.58	20
5.75	5.65
8.23	8.03
4.9	4.81
5.63	5.49
17.09	16.8
3.77	3.71
20.99	18.97
3.36	3.32
8.66	8.5
14.42	14.23
11.64	11.43
7.3	7.23
3.55	3.52
3.05	3.02
7.97	7.91
6.63	6.52
15.28	14.87
2.78	2.73
4.01	3.8
49.22	47.66
3.13	3.08
16.8	15.76
11.75	11.15
7.6	7.38
9.77	9.52
11.4	11.1
15.99	15.02
6.43	6.16
17.49	16.33
22.62	21.36
30.32	29.25
5.22	5.02
7.39	7.3
13.56	13.39
14.98	14.61
45.69	45.01
11.15	10.99
6.37	6.25
3.98	3.86
24.12	23.81
24.69	23.78
6.32	6.16
25.04	24.34
24.78	22.62
2.85	2.79
10.88	10.59
10.83	10.68
18.48	17.85
11.77	11.49
18.58	17.86
34.65	33.5
16.46	16
36.87	35.7
15.43	15.23
6.1	5.84
102.91	98.01
10.89	10.76
12.6	12.31
26.79	26.2
13.74	13.41
149.66	144.26
5.79	5.24
4.56	4.5
7.47	7.09
5.65	5.52
8.22	8.13
14.72	14.35
13.38	13.08
39.94	39.51
3.15	3.12
9.15	9
3.58	3.39
7.26	7.14
18.85	18.35
17.33	17.11
8.17	8.07
44.96	43.82
8.75	8.65
112	108.12
9.5	9.32
14.66	14.19
31.11	30.38
6.87	6.76
31.41	29.41
28.99	26.3
6.87	6.56
48.8	45.2
16.66	16.26
10.65	10.53
33.88	31.94
57.27	53.1
5.72	5.64
5.54	5.42
38.95	36.01
8.98	8.82
1.87	1.84
10.03	9.91
9.26	9.15
7.56	7.42
26.26	25.77
26.98	25.6
7.06	6.96
35.56	34.71
15.59	15.2
12.97	12.66
19.2	18.3
3.36	3.31
10.45	10.3
8.65	8.37
111.53	106.28
32.48	30.5
56.72	47.49
2.85	2.76
15.23	14.81
19.78	19.36
21.15	20.82
7.05	6.78
11.65	11.41
13.95	13.62
5.46	5.29
7.79	7.64
18.68	17.73
11.79	11.55
9.19	8.91
22.28	21.4
14.75	14.43
6.51	6.34
3.47	3.29
24.27	23.89
19.42	18.34
21.06	20.62
3.49	3.47
28.39	27.61
10.7	10.41
2.41	2.38
7.5	7.3
1.65	1.62
26.86	26.39
32.73	29.95
6.94	6.6
16.61	16.3
63.46	61.82
3.74	3.66
25	24.07
8.34	8.21
17.52	17.08
14.33	14.15
23.58	22.72
2.36	2.24
6.22	6.04
0.45	0.45
10.16	9.73
25.66	24.48
138.79	134.5
4.75	4.69
219	198.63
19.55	18.9
11.54	11.29
26.5	25.58
9.83	9.71
13.43	13.34
11.23	10.88
23.69	23.25
13.62	13.2
8.29	8.18
17.87	16.66
18.17	17.6
14.96	14.47
9.14	8.87
12.23	12.03
29.88	29.06
18.5	17.16
13.13	12.71
33.48	32.42
38.69	37.26
13.22	12.91
48.08	46.91
10.23	9.93
30.65	30.07
31.7	30.41
4.48	4.43
7.53	7.46
168.19	160.18
22.09	21.52
147.59	141.02
7.72	7.5
115.38	105
4.11	3.91
37.07	35.3
12.78	11.87
17.4	16.94
21.3	20.53
9.08	8.91
6.09	5.98
12.14	11.99
35.76	34.5
8.1	7.91
7.35	6.8
5.3	5.17
12.78	12.4
10.31	9.98
14.96	14.68
12.14	11.8
25.18	24.1
8.05	7.81
33.05	32.1
33.84	33.25
20.04	18.98
17.98	17.04
4.85	4.74
18.24	17.71
7.19	7.08
162.01	156.53
57.46	56.4
5.44	5.31
6.32	6.18
13.78	13.1
43.45	42.1
3.42	3.36
30.8	29.35
8.29	8.13
3.74	3.65
10.28	10.04
5.26	5.1
8.8	8.51
8.96	8.85
140.95	138.06
91.76	88.91
9.94	9.62
11.99	11.65
14.67	14.36
44.92	43.6
139.31	126.99
16.94	16.57
146	134
35.22	34.35
2.93	2.87
19	18.74
8.25	7.73
5.37	5.27
33.29	32.11
38.56	37.56
16.17	15.7
4.16	4.12
23.86	23.28
14.29	13.73
22.7	21.91
4.2	4.15
6.45	6.33
4.26	4.17
55.38	52.5
6.13	6.05
10.95	10.68
16.95	16.59
9.88	9.72
13.85	13.5
11.95	11.78
7.3	7.16
8.88	8.4
12.7	12.27
12.03	11.79
51.9	49.81
9.11	8.87
8.24	8.13
28.86	28.09
43.83	42.43
14.97	14.64
21.63	21.11
18.6	18.2
8.8	8.66
10.3	9.7
198.6	187
27	26
60.49	58.88
3.93	3.79
23.2	22.26
3.45	3.4
85.54	83.26
15.8	14.84
7.95	7.63
10.62	10.41
28.94	27.44
15.11	14.8
42.38	34.08
4.2	4.13
18.66	18.2
2.94	2.91
2.32	2.29
24.55	22.4
54.15	51.59
23.7	22.6
8.13	8.02
8.17	7.9
70.02	66.8
24.6	24
9.7	9.03
4.73	4.65
169.98	164
4.18	4.12
44.14	42.55
34.09	33.5
32.78	32.13
32.5	29.39
10.4	10.16
5.11	5.06
3.62	3.53
21.74	20.7
20.24	19.33
38.97	37.88
161.5	157.88
5.07	5.02
5.2	5.15
17.5	16.3
9.64	9.38
6.88	6.73
44.88	41.92
12.59	12.13
102.75	98.25
3.53	3.43
26.93	25.61
32.39	30.5
11.81	11.46
33.71	32.66
12.95	12.56
13.6	13.23
15.83	15.39
38.89	34.9
8.3	8.17
5.3	5.24
16.68	16
50.83	43.02
12.12	11.6
3.17	3.11
81.73	79
4.48	4.37
47.47	46.11
16.5	15.28
9.23	8.83
26.11	25.41
39.91	37.93
21.9	21.44
7.81	7.73
46.84	45.7
38.21	37.48
8.49	8.42
97.98	96.06
47.95	46.35
4.44	4.38
5.89	5.67
10.63	10.48
11.15	10.7
10.48	10.15
4.06	4.01
10.6	10.51
10.66	10.45
5.84	5.74
8.45	8.13
4.09	4
14.54	14.36
3.42	3.36
9.8	9.6
12.95	12.81
8.98	8.83
7.09	6.98
8.74	8.41
6.37	6.28
5.45	5.34
25.2	23.9
5.74	5.67
3.21	3.2
17.2	17.02
8.24	8.1
4.94	4.89
7.13	7.05
5.33	5.27
8.5	7.87
4.66	4.61
9.16	9.11
5.18	5.08
25.08	24.62
8.1	7.92
7.01	6.94
8.21	8.09
6.7	6.58
11.97	11.45
5.94	5.84
6.52	6.4
9.69	9.61
4.12	4.05
5.62	5.53
5.25	5.18
4.88	4.72
11.86	11.58
21.61	21.26
20.25	19.98
22.04	21.3
26.01	25.59
5.82	5.72
12.38	12.28
39.43	36.86
40.27	37.03
13.74	13.47
39.39	38.63
19.16	18.47
13.95	13.76
111.3	107.66
34.47	33.55
16.59	16.22
18.09	17.73
8.98	8.87
20.16	19.82
17.55	17.31
9.25	9.17
8.23	8.1
14.92	14.66
23.58	23.28
50	49.11
31.09	30.31
40.09	39.02
23.43	22.5
24.08	23.68
29.88	27.36
13.76	13.26
13.75	13.44
12.48	12.22
9.25	9.1
6.45	6.34
44.47	42.8
19.3	18.85
8.28	8.14
15.36	14.77
32.66	32.13
74.38	72.2
27.6	27.05
7.69	7.58
6.06	5.94
13.49	13.1
25.1	24.62
64.96	63.5
35.06	33.73
17.35	16.24
29.14	27.92
8.86	8.67
11.58	11.06
10.39	10.21
51.79	49.86
28.21	27.67
8.12	7.88
53.39	50.38
9.35	9.18
40.73	39.6
9.2	8.96
17.48	16.76
24.37	23.94
11.15	10.92
34.04	31.11
101.1	93.88
12.67	12.46
13.7	13.43
10.33	10.07
28.65	26.99
6.35	6.17
21	20.4
14.84	14.43
17.26	16.31
14.65	14.22
10.84	10.58
51.68	46.52
9.26	8.92
19.35	19.01
26.08	25.32
13.08	12.81
36.6	34.8
14.96	14.33
8.06	6.77
34.65	32.8
5.59	5.5
168.4	163.33
5.75	5.65
3.88	3.72
2.04	1.99
3.7	3.48
12.1	11.61
2.93	2.89
6.67	6.58
10.78	10.38
9.88	9.6
6.82	6.64
36.16	35.14
10.89	10.57
5.47	5.37
20.13	18.74
4.5	3.88
13.08	12.5
6.94	6.43
7.15	7.04
10.11	9.96
3.15	2.86
3.49	3.33
2.41	2.35
7.07	6.94
6.02	5.97
10.8	10.67
15.04	14.96
3.38	3.28
5.3	5.18
32.93	31.43
4.08	4.02
4.12	4.04
3.35	3.29
18.65	18.3
5.63	5.47
90.96	89.39
8.16	8.01
6.69	6.59
7.39	7.26
12.48	12.12
13.7	12.29
2.86	2.78
100.98	94.68
14.87	13.52
14.26	13.98
15.5	15.05
31.3	30.67
15.05	14.83
6.23	6.15
14.27	13.92
9.29	9
31.96	30.5
8.65	8.54
14.93	14.62
9.08	9
28.49	27.71
22.77	22.25
13.05	12.83
18.33	16.69
10.1	9.92
9.39	9.29
13.69	13.25
14.8	14.46
14.69	14.22
10.19	9.95
33.78	33.07
16.2	15.99
12.24	11.92
27.47	25.96
15.23	14.16
7.66	7.45
56.52	55.28
28.26	27.54
35.49	34.62
16.67	16.33
15.3	15.12
9.41	9.17
17.54	17.38
10.45	10.02
6.42	6.11
8.06	7.95
23.45	23
6.6	6.42
25.1	23.61
18.77	18.37
84	78.29
16.12	15.68
18.14	17.42
19.09	18.08
105.39	99.62
40.93	38.93
9.64	9.15
55.8	55.16
96.18	91.3
12.49	12.31
30.6	29.81
22.39	21.84
29.29	26.5
29.07	26.17
25.07	24.14
6.74	6.42
11.74	11.45
7.09	6.88
33.64	31.37
17.9	17.34
9.02	8.76
34.2	33.4
7.23	6.89
6.48	6.34
13.46	13.13
41.98	39.62
14.67	14.05
29.6	28.79
15.83	14.55
21.92	21.13
7.63	7.29
14.95	14.4
11.32	10.98
9.9	9.52
3.13	3.07
6.57	6.44
10.43	10.3
21.26	20.71
17.8	17.33
8.62	8.46
13.35	12.62
7.3	6.61
13	12.88
6.95	6.75
4.2	4.1
6.54	6.38
4.16	4.08
7.22	7.16
9.95	9.52
6.92	6.82
11.93	11.67
160.88	158.48
0.91	0.82
4.15	4.12
6.61	6.53
3.34	3.23
16.07	15.83
8.74	8.46
9.71	8.66
2.92	2.82
3.23	3.14
16.79	16.65
4.16	3.97
2.33	2.16
4.8	4.54
2.73	2.63
6.54	6.37
14.42	13.58
4.72	4.6
8.1	7.4
5.54	5.49
6.7	6.64
2.29	2.24
8.97	8.74
15.15	14.75
3.46	3.32
4.23	4.13
19.89	19.45
5.69	5.62
2.85	2.65
12.5	12.31
5.54	5.5
8.56	8.42
100.37	97.5
76.74	69.98
565.72	546
9.82	9.71
26.55	25.68
94.95	93.31
54.76	53.07
9.88	9.25
16.05	15.7
14.41	14.17
15.75	15.61
19.24	18.9
41.75	39.79
5.53	5.43
11	10.85
7.29	7.15
15.38	15.05
13.47	13.06
51.3	50.32
83.33	80.88
48.22	46.46
24.98	24.48
26.97	26.48
23.4	21.5
68.47	66
7.48	7.38
54.8	52.97
32.68	32.2
17.45	17.01
14.05	13.63
28.8	26.67
13.8	13.49
17.1	16.86
24.37	21.37
19.59	19.38
27.71	27.26
33.5	32.65
4.87	4.81
33.09	30.7
12.6	12.27
31.39	29.99
7.2	7.13
19.88	19.43
12.27	12.09
17.84	17.57
36.01	34.86
13.69	13.38
17.77	17.44
12.75	12.45
19.26	18.78
23.83	23.13
7.12	7
6.91	6.76
22.52	21.2
32.12	31.48
18.84	18.01
7	6.78
37.84	37.21
45.15	43.4
12.17	11.86
5.24	5.15
16.16	15.18
6.98	6.37
7.58	7.23
12.52	12.18
26.18	23.95
4.66	4.57
7.02	6.91
6.93	6.75
33.15	30.37
8.62	8.31
16.45	16.02
7.83	7.66
6.02	5.75
4.74	4.56
13.47	12.99
11.12	11.01
12.49	11.99
4.58	4.48
9.08	7.98
30.54	28.92
4.94	4.86
3.01	2.94
6.84	6.6
5.45	5.33
12.01	11.82
1.88	1.85
17.41	16.93
4.27	4.21
6.73	6.66
7.52	7.3
10.56	10.3
2.73	2.7
3.51	3.47
4.35	4.14
7.55	7.44
12.61	12.06
12.67	12.34
10.19	9.99
6.95	6.87
4.88	4.79
4.29	4.22
4.99	4.93
4.81	4.69
1.85	1.74
13.11	12.82
8.73	8.59
23.87	22.35
3.72	3.68
22.98	22.49
7.5	7.26
9.61	9.35
3.87	3.77
8.66	8.48
8.06	7.95
4.86	4.75
15.49	14.92
11.96	11.72
4.73	4.67
9.71	9.6
20.05	19.49
11.6	11.11
14.36	14.14
24.86	24.34
19.05	18.04
21.88	20.2
19.07	18.76
145	141.1
46.94	46.08
9.1	9.02
12.04	11.77
45.29	44.29
11.58	10.9
20.3	19.96
17.3	16.52
14.72	14.52
24.19	23.27
16.8	16.62
18.61	18.23
53.01	50.26
11.71	11.45
9.61	9.4
23.29	22.39
11.27	11.11
9.55	9.08
5.12	5.07
5.86	5.73
6.68	6.55
2.23	2.18
20.28	19.64
11.18	10.95
12.09	12.01
3.24	3.2
13.85	13
10.55	10.44
8.32	8.19
8.04	7.87
31.64	30.59
11.98	11.56
111.76	105.44
5.29	5.22
18.6	18.13
61.57	56.58
13.86	13.66
6.88	6.73
7.47	7
5.89	5.8
4.11	3.97
41.91	40.5
27.5	26.97
2.43	2.13
5.29	5.2
47.88	45.18
3.92	3.79
23.18	22.63
9.99	9.57
18.19	17.94
3.28	3.25
7.16	6.87
59.2	55.71
3.92	3.84
9.96	9.82
15.11	14.63
10.36	10.04
19.76	16.36
9.95	9.78
10.21	10.01
12.15	11.9
8.67	8.57
5.22	5.15
1.95	1.91
7.22	6.94
5.69	5.51
3.06	3.01
8.41	8.23
16.86	15.94
22.64	21.92
12.23	11.72
13.88	13.71
6.08	5.93
17.89	17.63
4.17	4.12
3.24	3.21
17.44	16.85
3.7	3.62
7.8	7.44
8.72	7.94
3.86	3.75
4.89	4.78
3.84	3.64
4.89	4.8
6.36	6.13
22.45	21.63
11.14	10.66
5.2	4.82
3.93	3.8
1.01	0.91
14.22	13.22
14.64	14.01
6.11	5.95
8.01	7.83
38.58	37.67
4.09	4.02
23.11	22.8
29.19	28.27
5.66	5.45
8.2	7.93
5.16	5.04
9.66	9.53
8.14	7.81
2.85	2.75
9.09	8.83
3.38	3.22
7.44	7.2
4.93	4.83
3.27	3.24
6.99	6.78
7.94	7.72
7.7	7.45
14.96	14.81
3.03	3
5.56	5.5
14.14	13.51
13.98	13.21
5.72	5.55
9.75	9.13
10.52	10.42
4.11	4.02
4.16	4.05
13.94	13.85
12.54	11.95
4.44	4.33
3.01	2.96
10.22	10
12.67	12.48
6.5	6.32
3.67	3.58
19.06	18.42
99.95	97.5
3.57	3.51
4.15	4.08
10.4	9.6
6.15	6.05
15.78	15.44
4.63	4.59
12.16	11.85
44.5	43.07
6.85	6.71
2.91	2.84
3.33	3.29
7.65	7.4
18.05	17.58
5.59	5.25
11.89	11.56
8.68	8.5
6.19	6.09
20	19.65
2.98	2.85
5.67	5.55
12.36	10.92
59.66	57.4
19.14	18.77
3.01	2.93
1.31	1.27
3.13	3.08
25.75	25.21
2.09	2.02
6.49	6.26
7.62	7.46
6.86	6.69
4.63	4.6
27	25.36
3.03	2.99
6.45	6.26
6.48	6.34
7.8	7.5
5.35	5.16
5.41	5.29
28.62	27.83
14.26	13.82
14.07	13.71
4.94	4.69
3.88	3.8
17.05	16.9
6.15	6.09
12.18	11.82
4.9	4.86
7.57	7.46
6.41	6.35
22.49	22.26
19.92	19.52
7.42	7.33
12.58	12.35
7.6	7.4
14.44	13.85
6.08	6.02
36.24	35.41
5.49	5.36
11.42	11.24
5.47	5.29
23.5	22.35
5.8	5.68
10.74	10.4
54.45	53.37
6.24	6.13
9.53	9.45
6.19	6.04
6.14	6.04
5.05	4.67
6.04	5.88
7.04	6.94
2.75	2.69
3.09	3.03
4.94	4.82
5.23	5.17
13	12.69
3.6	3.53
3.6	3.58
5.32	5.23
0.67	0.62
13.4	12.75
38.96	38.14
10.9	10.75
0.48	0.44
6.76	6.59
7.29	7.09
7	6.79
14.8	14.26
11.11	10.81
4.42	4.32
5.6	5.48
17.93	17.56
5.35	5.04
11.87	11.61
7.61	7.46
20.41	19.94
38.88	38.16
181.6	173
6.39	6.26
6.69	6.55
3.09	2.95
4.84	4.74
10.12	9.83
8.19	7.73
19.17	18.46
23.75	23.31
22.34	21.55
3.13	3.07
22.55	22.1
18.96	18.76
17.31	17.12
12.56	12.28
6.33	6.12
32.3	31.46
14.95	14.51
117.5	110.5
24.2	23.51
41.79	40.67
21.77	21.53
99.01	85.5
23.16	22.68
9.18	8.89
33.5	32.15
6.91	6.8
27.55	26.55
12.36	12.03
26.23	25.82
27.33	26.68
9.37	9.11
13.01	12.79
4.15	3.86
6.96	6.78
52.25	50.83
3.74	3.63
8.01	7.82
5.9	5.76
8.01	7.9
7.34	7.21
2.79	2.73
5.44	5.18
3.78	3.66
4.88	4.77
3.95	3.9
4.5	4.4
5.24	4.73
8.26	8.16
4.51	4.42
11.83	11.69
3.71	3.51
3.62	3.54
10.34	10.15
10.49	10.02
5.69	5.16
17.14	16.95
7.72	7.43
12.64	12.24
13.95	13.3
5.42	5.36
6.3	6.19
11.37	11.21
7.07	6.95
64.4	62.2
3.24	3.13
3.81	3.67
18.6	17.04
11.48	11.03
6.12	5.97
6.82	6.73
31.69	28.64
62.37	57.3
16.49	15.97
26.58	26.1
43.87	43.38
36.33	35.9
20.93	20.52
12.2	12.02
3.96	3.91
17.55	16.99
20.32	19.82
6.87	6.76
53.71	51.25
17.5	17.02
82.7	80.11
2.79	2.76
12.37	12.04
9.87	9.68
21.78	21.34
17.2	16.49
30.78	29.72
18.78	18.32
16.2	15.8
19.48	19.15
2.32	2.3
25.22	24.45
8.37	8.31
19.88	18.91
13.69	13.43
14.38	14.02
11.36	11.13
78.41	75.91
17.72	17.25
39.58	37.81
27.97	26.45
35.69	34.6
11.2	10.93
39.68	38
27.37	26.61
10.36	10.09
15.39	14.08
19.11	18.66
30.75	29.97
6.62	6.5
12.4	11.92
9.78	9.62
1.62	1.5
139.76	134.24
26.97	26.1
3.7	3.63
12.53	11.99
26.78	25.79
5.38	5.27
3.2	3.05
0.71	0.66
5.79	5.63
14.13	13.76
10.28	10.07
2.74	2.69
38	36.69
6.19	6
10.46	10.2
5.43	5.36
11.8	11.28
15.25	14.62
12.57	12.25
19.44	18.37
15.28	14.93
12	11.35
22.99	22.69
19.39	18.88
15.63	15.43
34.15	33.52
304	297.3
19.65	19.08
12.13	11.93
3.25	3.21
6.86	6.76
22.38	21.82
5.45	5.32
10.07	9.83
4.15	4.1
15.3	14.78
35.61	31.71
15.72	15.39
42.38	40.3
34.89	33.05
17.29	16.71
26.54	25.93
26.01	24.71
17.63	16.08
13.95	13.54
9.49	9.41
15.69	15.2
65.53	62.52
10.85	10.66
4.43	4.33
11.76	10.99
13.05	12.83
8.95	8.81
7.91	7.78
10.66	10.4
6.03	5.68
4.01	3.97
11.29	11.03
10.75	10.59
24.83	24.3
12.04	11.88
6.95	6.61
6.26	6.12
15.33	14.81
8.85	8.24
5.77	5.65
8.61	8.5
15.2	14.47
32.64	30.6
2.56	2.5
10.69	10.48
12.9	12.67
24.26	23.56
15.08	14.75
4.78	4.71
9.83	9.71
18.98	18.6
6.75	6.68
7.94	7.71
10.07	9.91
4.09	4
34.85	34.37
10.36	10.2
12.13	11.75
10.27	9.67
8.91	8.8
85.15	82.42
1.61	1.59
7.18	6.65
3.16	3.13
8.06	7.94
37.33	36.65
5.84	5.8
1.26	1.17
2.27	2.22
11.97	11.83
5.1	5.01
16.86	16.4
3.48	3.33
3.72	3.67
6.58	6
0.29	0.28
5.85	5.75
6.17	6.04
4.71	4.52
4.98	4.91
